|nameFirst|nameLast|yearID|stint|teamID|lgID|W|L|G|GS|CG|SHO|SV|IPouts|H|ER|HR|BB|SO|BAOpp|ERA|IBB|WP|HBP|BK|BFP|GF|R|SH|SF|GIDP|playerID
174|Zack|Greinke|2018|1|ARI|NL|15|11|33|33|0|0|0|623|181|74|28|43|199|0.231|3.21|3.0|4|6.0|0|839.0|0|77|3.0|3.0|7.0|greinza01
161|Zack|Godley|2018|1|ARI|NL|15|11|33|32|0|0|0|535|177|94|16|81|185|0.26|4.74|2.0|17|12.0|1|791.0|0|103|8.0|8.0|14.0|godleza01
52|Zach|Britton|2018|2|NYA|AL|1|0|25|0|0|0|3|75|18|8|2|11|21|0.196|2.88|0.0|5|2.0|0|106.0|10|10|0.0|1.0|3.0|brittza01
433|Zach|Wheeler|2018|1|NYN|NL|12|7|29|29|0|0|0|547|150|67|14|55|179|0.225|3.31|0.0|2|9.0|1|744.0|0|69|8.0|4.0|14.0|wheelza01
120|Zach|Eflin|2018|1|PHI|NL|11|8|24|24|0|0|0|384|130|62|16|37|123|0.261|4.36|4.0|4|3.0|0|548.0|0|69|5.0|4.0|5.0|eflinza01
115|Zach|Duke|2018|2|SEA|AL|2|1|27|0|0|0|0|44|13|9|1|6|12|0.241|5.52|0.0|0|1.0|0|62.0|3|9|1.0|0.0|2.0|dukeza01
114|Zach|Duke|2018|1|MIN|AL|3|4|45|0|0|0|0|112|44|15|0|15|39|0.282|3.62|4.0|3|5.0|0|178.0|8|19|1.0|1.0|2.0|dukeza01
271|Zach|McAllister|2018|1|CLE|AL|1|2|41|0|0|0|0|125|47|23|7|10|34|0.285|4.97|1.0|2|1.0|0|180.0|14|25|2.0|1.0|3.0|mcallza01
321|Yusmeiro|Petit|2018|1|OAK|AL|7|3|74|0|0|0|0|279|76|31|13|18|76|0.221|3.0|4.0|1|0.0|0|368.0|12|32|1.0|5.0|6.0|petityu01
204|Yoshihisa|Hirano|2018|1|ARI|NL|4|3|75|0|0|0|3|199|49|18|6|23|59|0.209|2.44|4.0|6|2.0|1|262.0|10|22|1.0|1.0|14.0|hiranyo01
147|Yimi|Garcia|2018|1|LAN|NL|1|2|25|0|0|0|0|67|29|14|7|4|19|0.305|5.64|1.0|0|2.0|0|101.0|3|18|0.0|0.0|0.0|garciyi01
341|Yacksel|Rios|2018|1|PHI|NL|3|2|36|0|0|0|0|108|43|27|6|15|36|0.293|6.75|2.0|2|2.0|1|165.0|10|28|0.0|1.0|4.0|riosya01
71|Xavier|Cedeno|2018|1|CHA|AL|2|0|33|0|0|0|1|76|19|8|1|13|28|0.204|2.84|1.0|3|0.0|0|106.0|4|9|0.0|0.0|3.0|cedenxa01
317|Wily|Peralta|2018|1|KCA|AL|1|0|37|0|0|0|14|103|28|14|4|23|35|0.23|3.67|1.0|4|1.0|0|149.0|30|14|1.0|2.0|5.0|peralwi01
186|Will|Harris|2018|1|HOU|AL|5|3|61|0|0|0|0|170|48|22|3|14|64|0.226|3.49|1.0|6|2.0|0|230.0|11|22|1.0|1.0|4.0|harriwi02
385|Will|Smith|2018|1|SFN|NL|2|3|54|0|0|0|14|159|37|15|3|15|71|0.194|2.55|4.0|2|0.0|0|210.0|27|18|2.0|2.0|1.0|smithwi04
79|Wei-Yin|Chen|2018|1|MIA|NL|6|12|26|26|0|0|0|400|131|71|19|47|111|0.256|4.79|6.0|4|1.0|1|572.0|0|75|5.0|7.0|6.0|chenwe02
369|Warwick|Saupold|2018|1|DET|AL|4|1|31|0|0|0|1|103|41|17|6|13|16|0.293|4.46|1.0|2|2.0|0|158.0|13|17|2.0|1.0|2.0|saupowa01
316|Wandy|Peralta|2018|1|CIN|NL|2|2|59|0|0|0|0|136|58|27|2|31|31|0.302|5.36|2.0|0|2.0|0|227.0|6|32|1.0|1.0|4.0|peralwa01
404|Wander|Suero|2018|1|WAS|NL|4|1|40|0|0|0|0|143|43|19|4|15|47|0.24|3.59|2.0|3|4.0|1|200.0|11|20|1.0|1.0|1.0|suerowa01
54|Walker|Buehler|2018|1|LAN|NL|8|5|24|23|0|0|0|412|95|40|12|37|151|0.193|2.62|1.0|4|6.0|0|541.0|0|43|2.0|3.0|5.0|buehlwa01
243|Wade|LeBlanc|2018|1|SEA|AL|9|5|32|27|0|0|0|486|151|67|24|40|130|0.246|3.72|1.0|1|3.0|0|662.0|5|74|1.0|4.0|8.0|leblawa01
102|Wade|Davis|2018|1|COL|NL|3|6|69|0|0|0|43|196|43|30|8|26|78|0.185|4.13|0.0|6|2.0|0|261.0|63|31|0.0|0.0|4.0|daviswa01
420|Vince|Velasquez|2018|1|PHI|NL|9|12|31|30|0|0|0|440|138|79|16|59|161|0.25|4.85|1.0|9|8.0|0|630.0|1|83|7.0|3.0|9.0|velasvi01
2|Victor|Alcantara|2018|1|DET|AL|1|1|27|0|0|0|0|90|25|8|5|6|21|0.223|2.4|0.0|2|0.0|0|119.0|8|8|0.0|1.0|1.0|alcanvi01
12|Victor|Arano|2018|1|PHI|NL|1|2|60|0|0|0|3|178|54|18|6|17|60|0.239|2.73|4.0|1|1.0|0|246.0|14|19|0.0|2.0|4.0|aranovi01
359|Tyson|Ross|2018|1|SDN|NL|6|9|22|22|0|0|0|370|112|61|16|52|107|0.24|4.45|3.0|4|7.0|0|530.0|0|64|1.0|4.0|7.0|rossty01
159|Tyler|Glasnow|2018|1|PIT|NL|1|2|34|0|0|0|0|168|47|27|5|34|72|0.226|4.34|2.0|7|1.0|1|243.0|9|28|0.0|0.0|5.0|glasnty01
413|Tyler|Thornburg|2018|1|BOS|AL|2|0|25|0|0|0|0|72|28|15|6|10|21|0.295|5.63|0.0|2|1.0|0|107.0|9|15|0.0|1.0|3.0|thornty01
381|Tyler|Skaggs|2018|1|LAA|AL|8|10|24|24|0|0|0|376|127|56|14|40|129|0.262|4.02|0.0|2|5.0|0|533.0|0|60|0.0|4.0|13.0|skaggty01
76|Tyler|Chatwood|2018|1|CHN|NL|4|6|24|20|0|0|0|311|92|61|9|95|85|0.245|5.3|1.0|8|7.0|0|486.0|4|62|5.0|4.0|15.0|chatwty01
307|Tyler|Olson|2018|1|CLE|AL|2|1|43|0|0|0|0|82|26|15|4|12|40|0.245|4.94|2.0|1|0.0|0|118.0|5|16|0.0|0.0|2.0|olsonty01
25|Tyler|Bashlor|2018|1|NYN|NL|0|3|24|0|0|0|0|96|26|15|6|12|25|0.218|4.22|0.0|1|3.0|0|135.0|6|16|1.0|0.0|1.0|bashlty01
10|Tyler|Anderson|2018|1|COL|NL|7|9|32|32|0|0|0|528|165|89|30|59|164|0.248|4.55|1.0|9|3.0|2|737.0|0|94|3.0|7.0|13.0|anderty01
86|Tyler|Clippard|2018|1|TOR|AL|4|3|73|1|0|0|7|206|57|28|13|23|85|0.223|3.67|0.0|7|2.0|0|285.0|22|29|2.0|2.0|1.0|clippty01
255|Tyler|Lyons|2018|1|SLN|NL|1|0|27|0|0|0|0|50|24|16|3|8|19|0.343|8.64|2.0|2|2.0|0|83.0|2|16|1.0|2.0|1.0|lyonsty01
259|Tyler|Mahle|2018|1|CIN|NL|7|9|23|23|0|0|0|336|125|62|22|53|110|0.28300000000000003|4.98|7.0|1|3.0|0|507.0|0|68|5.0|3.0|15.0|mahlety01
35|Ty|Blach|2018|1|SFN|NL|6|7|47|13|0|0|0|356|133|56|8|41|75|0.289|4.25|4.0|1|1.0|1|512.0|13|62|8.0|1.0|18.0|blachty01
438|Trey|Wingenter|2018|1|SDN|NL|0|0|22|0|0|0|0|57|13|8|3|11|27|0.191|3.79|0.0|1|1.0|0|81.0|5|8|0.0|1.0|0.0|wingetr01
167|Trevor|Gott|2018|1|WAS|NL|0|2|20|0|0|0|0|57|19|12|4|10|15|0.271|5.68|1.0|2|2.0|0|84.0|5|13|0.0|2.0|3.0|gotttr01
340|Trevor|Richards|2018|1|MIA|NL|4|9|25|25|0|0|0|379|121|62|15|54|130|0.253|4.42|5.0|8|5.0|1|547.0|0|65|5.0|4.0|8.0|richatr01
62|Trevor|Cahill|2018|1|OAK|AL|7|4|21|20|0|0|0|330|90|46|8|41|100|0.227|3.76|0.0|8|5.0|0|450.0|0|52|3.0|3.0|9.0|cahiltr01
435|Trevor|Williams|2018|1|PIT|NL|14|10|31|31|1|1|0|512|146|59|15|55|126|0.231|3.11|3.0|4|4.0|0|701.0|0|64|6.0|4.0|12.0|willitr01
201|Trevor|Hildenberger|2018|1|MIN|AL|4|6|73|0|0|0|7|219|75|44|12|26|70|0.263|5.42|9.0|2|2.0|0|319.0|20|46|3.0|3.0|4.0|hildetr01
269|Trevor|May|2018|1|MIN|AL|4|1|24|1|0|0|3|76|21|9|4|5|36|0.221|3.2|0.0|1|1.0|0|103.0|6|9|2.0|0.0|1.0|maytr01
26|Trevor|Bauer|2018|1|CLE|AL|12|6|28|27|0|0|1|526|134|43|9|57|221|0.208|2.21|2.0|12|9.0|0|717.0|1|51|3.0|3.0|7.0|bauertr01
22|Tony|Barnette|2018|1|TEX|AL|2|0|22|0|0|0|0|79|19|7|2|5|26|0.196|2.39|0.0|0|2.0|0|104.0|5|11|0.0|0.0|2.0|barneto01
82|Tony|Cingrani|2018|1|LAN|NL|1|2|30|0|0|0|0|68|19|12|2|6|36|0.221|4.76|1.0|1|3.0|2|95.0|2|12|0.0|0.0|0.0|cingrto01
380|Tony|Sipp|2018|1|HOU|AL|3|1|54|0|0|0|0|116|27|8|1|13|42|0.2|1.86|0.0|2|1.0|0|151.0|8|8|0.0|2.0|3.0|sippto01
431|Tony|Watson|2018|1|SFN|NL|4|6|72|0|0|0|0|198|54|19|4|14|72|0.224|2.59|3.0|0|1.0|0|261.0|10|19|3.0|2.0|5.0|watsoto01
225|Tommy|Kahnle|2018|1|NYA|AL|2|0|24|0|0|0|1|70|23|17|3|15|30|0.256|6.56|0.0|2|0.0|0|107.0|7|22|0.0|2.0|2.0|kahnlto01
212|Tommy|Hunter|2018|1|PHI|NL|5|4|65|0|0|0|4|192|65|27|6|15|51|0.26|3.8|1.0|1|3.0|0|270.0|10|28|1.0|1.0|5.0|hunteto02
91|Tim|Collins|2018|1|WAS|NL|0|0|38|0|0|0|0|68|23|11|5|12|21|0.264|4.37|0.0|1|0.0|0|99.0|5|11|0.0|0.0|3.0|colliti01
270|Tim|Mayza|2018|1|TOR|AL|2|0|37|0|0|0|0|107|33|13|3|14|40|0.244|3.28|4.0|2|2.0|0|151.0|9|13|0.0|0.0|2.0|mayzati01
320|Tim|Peterson|2018|1|NYN|NL|2|2|22|0|0|0|0|83|29|19|8|5|25|0.261|6.18|2.0|0|1.0|0|118.0|9|19|1.0|0.0|1.0|peterti01
203|Tim|Hill|2018|1|KCA|AL|1|4|70|0|0|0|2|137|46|23|4|14|42|0.257|4.53|0.0|0|2.0|0|198.0|9|28|2.0|1.0|4.0|hillti01
178|Tayron|Guerrero|2018|1|MIA|NL|1|3|60|0|0|0|0|174|64|35|8|30|68|0.275|5.43|1.0|8|3.0|0|268.0|11|40|0.0|1.0|3.0|guerrta01
434|Taylor|Williams|2018|1|MIL|NL|1|3|56|0|0|0|0|159|53|25|6|25|57|0.26|4.25|4.0|4|1.0|0|236.0|10|28|4.0|2.0|3.0|willita01
353|Taylor|Rogers|2018|1|MIN|AL|1|2|72|0|0|0|2|205|49|20|3|16|75|0.206|2.63|3.0|0|2.0|0|260.0|6|20|1.0|3.0|6.0|rogerta01
372|Tanner|Scott|2018|1|BAL|AL|3|3|53|0|0|0|0|160|55|32|6|28|76|0.263|5.4|1.0|7|1.0|0|240.0|8|33|1.0|1.0|3.0|scottta01
343|Tanner|Roark|2018|1|WAS|NL|9|15|31|30|0|0|0|541|181|87|24|50|146|0.262|4.34|3.0|5|10.0|0|760.0|1|90|4.0|6.0|18.0|roarkta01
274|T. J.|McFarland|2018|1|ARI|NL|2|2|47|0|0|0|1|216|64|16|4|22|42|0.239|2.0|3.0|2|0.0|0|292.0|21|18|1.0|1.0|13.0|mcfartj01
445|Steven|Wright|2018|1|BOS|AL|3|1|20|4|0|0|1|161|41|16|5|26|42|0.21|2.68|1.0|0|2.0|0|223.0|4|17|0.0|0.0|5.0|wrighst01
49|Steven|Brault|2018|1|PIT|NL|6|3|45|5|0|0|0|275|84|47|10|57|82|0.244|4.61|4.0|9|8.0|0|413.0|6|51|3.0|1.0|9.0|braulst01
266|Steven|Matz|2018|1|NYN|NL|5|11|30|30|0|0|0|462|134|68|25|58|152|0.232|3.97|2.0|0|10.0|0|654.0|0|77|6.0|2.0|14.0|matzst01
83|Steve|Cishek|2018|1|CHN|NL|4|3|80|0|0|0|4|211|45|17|5|28|78|0.181|2.18|4.0|2|9.0|0|288.0|10|19|2.0|1.0|4.0|cishest01
397|Stephen|Strasburg|2018|1|WAS|NL|10|7|22|22|0|0|0|390|118|54|18|38|156|0.24|3.74|2.0|5|8.0|1|544.0|0|59|1.0|5.0|6.0|strasst01
171|Sonny|Gray|2018|1|NYA|AL|11|9|30|23|0|0|0|391|138|71|14|57|123|0.27|4.9|0.0|9|8.0|1|582.0|2|73|1.0|5.0|6.0|grayso01
45|Silvino|Bracho|2018|1|ARI|NL|2|0|31|0|0|0|0|93|25|11|2|12|34|0.223|3.19|2.0|2|3.0|0|129.0|7|12|1.0|1.0|2.0|brachsi01
228|Shawn|Kelley|2018|1|WAS|NL|1|0|35|0|0|0|0|97|26|12|7|5|32|0.215|3.34|1.0|0|1.0|0|128.0|12|12|0.0|1.0|0.0|kellesh01
63|Shane|Carle|2018|1|ATL|NL|4|1|53|0|0|0|1|189|50|20|2|27|43|0.221|2.86|7.0|2|1.0|0|259.0|8|22|1.0|4.0|9.0|carlesh01
173|Shane|Greene|2018|1|DET|AL|4|6|66|0|0|0|32|190|68|36|12|19|65|0.268|5.12|1.0|3|3.0|0|279.0|58|39|0.0|3.0|3.0|greensh02
34|Shane|Bieber|2018|1|CLE|AL|11|5|20|19|0|0|0|344|130|58|13|23|118|0.285|4.55|0.0|5|2.0|0|485.0|0|60|0.0|4.0|9.0|biebesh01
305|Seunghwan|Oh|2018|1|TOR|AL|4|3|48|0|0|0|2|141|37|14|5|10|55|0.214|2.68|1.0|1|3.0|0|189.0|7|14|0.0|3.0|1.0|ohse01
306|Seunghwan|Oh|2018|2|COL|NL|2|0|25|0|0|0|1|64|15|6|3|7|24|0.197|2.53|0.0|2|1.0|0|85.0|3|7|0.0|1.0|1.0|ohse01
252|Seth|Lugo|2018|1|NYN|NL|3|4|54|5|0|0|3|304|81|30|9|28|103|0.217|2.66|4.0|2|2.0|1|410.0|13|36|1.0|5.0|6.0|lugose01
355|Sergio|Romo|2018|1|TBA|AL|3|4|73|5|0|0|25|202|65|31|11|20|75|0.253|4.14|0.0|2|2.0|0|284.0|39|31|2.0|2.0|6.0|romose01
110|Seranthony|Dominguez|2018|1|PHI|NL|2|5|53|0|0|0|16|174|32|19|4|22|74|0.157|2.95|2.0|10|4.0|0|231.0|24|19|0.0|1.0|3.0|dominse01
111|Sean|Doolittle|2018|1|WAS|NL|3|3|43|0|0|0|25|135|21|8|3|6|60|0.135|1.6|1.0|1|2.0|0|163.0|35|8|0.0|0.0|1.0|doolise01
261|Sean|Manaea|2018|1|OAK|AL|12|9|27|27|1|1|0|482|141|64|21|32|108|0.232|3.59|1.0|9|8.0|0|654.0|0|67|4.0|2.0|11.0|manaese01
297|Sean|Newcomb|2018|1|ATL|NL|12|9|31|30|0|0|0|492|137|71|18|81|160|0.226|3.9|1.0|4|1.0|0|696.0|0|74|4.0|3.0|13.0|newcose01
3|Scott|Alexander|2018|1|LAN|NL|2|1|73|1|0|0|3|198|57|27|4|27|56|0.239|3.68|2.0|2|2.0|0|268.0|8|28|1.0|0.0|15.0|alexasc01
302|Scott|Oberg|2018|1|COL|NL|8|1|56|0|0|0|0|176|46|16|4|12|57|0.218|2.45|0.0|3|3.0|0|228.0|7|17|0.0|2.0|9.0|obergsc01
143|Santiago|Casilla|2018|1|OAK|AL|0|0|26|0|0|0|1|94|18|11|0|20|22|0.17|3.16|0.0|4|4.0|0|132.0|12|11|0.0|2.0|3.0|garcija01
387|Sammy|Solis|2018|1|WAS|NL|1|2|56|0|0|0|0|118|43|28|7|18|44|0.277|6.41|1.0|4|4.0|0|177.0|5|28|0.0|0.0|3.0|solissa01
150|Sam|Gaviglio|2018|1|TOR|AL|3|10|26|24|0|0|0|371|140|73|21|38|105|0.281|5.31|1.0|6|4.0|2|548.0|1|77|4.0|4.0|3.0|gavigsa01
138|Sam|Freeman|2018|1|ATL|NL|3|5|63|0|0|0|0|151|41|24|3|32|58|0.229|4.29|2.0|4|2.0|0|216.0|4|26|1.0|2.0|8.0|freemsa01
118|Sam|Dyson|2018|1|SFN|NL|4|3|74|0|0|0|3|211|56|21|5|20|56|0.228|2.69|1.0|2|3.0|0|273.0|16|23|1.0|3.0|13.0|dysonsa01
417|Sam|Tuivailala|2018|1|SLN|NL|3|3|31|0|0|0|0|95|35|13|3|11|26|0.273|3.69|2.0|4|2.0|0|144.0|5|14|2.0|1.0|4.0|tuivasa01
354|Sal|Romano|2018|1|CIN|NL|8|11|39|25|0|0|0|437|155|86|23|53|105|0.267|5.31|6.0|7|4.0|0|644.0|1|92|3.0|4.0|8.0|romansa01
391|Ryne|Stanek|2018|1|TBA|AL|2|3|59|29|0|0|0|199|45|22|8|27|81|0.191|2.98|1.0|5|1.0|0|263.0|10|23|0.0|0.0|5.0|stanery01
412|Ryan|Tepera|2018|1|TOR|AL|5|5|68|0|0|0|7|194|55|26|9|24|68|0.237|3.62|1.0|5|4.0|1|263.0|19|27|0.0|3.0|6.0|teperry01
327|Ryan|Pressly|2018|1|MIN|AL|1|1|51|0|0|0|0|143|46|18|5|19|69|0.25|3.4|1.0|6|2.0|0|208.0|7|19|1.0|2.0|2.0|pressry01
328|Ryan|Pressly|2018|2|HOU|AL|1|0|26|0|0|0|2|70|11|2|1|3|32|0.138|0.77|0.0|2|1.0|0|84.0|4|2|0.0|0.0|0.0|pressry01
256|Ryan|Madson|2018|1|WAS|NL|2|5|49|0|0|0|4|133|48|26|6|15|41|0.279|5.28|2.0|2|4.0|0|195.0|10|28|1.0|3.0|5.0|madsory01
48|Ryan|Brasier|2018|1|BOS|AL|2|0|34|0|0|0|0|101|19|6|2|7|29|0.171|1.6|0.0|1|0.0|0|124.0|5|6|1.0|5.0|3.0|brasiry01
446|Ryan|Yarbrough|2018|1|TBA|AL|16|6|38|6|0|0|0|442|140|64|18|50|128|0.246|3.91|6.0|1|8.0|0|628.0|3|70|1.0|1.0|10.0|yarbrry01
53|Ryan|Buchter|2018|1|OAK|AL|6|0|54|0|0|0|0|118|32|12|4|15|41|0.219|2.75|1.0|1|0.0|0|163.0|4|17|1.0|1.0|0.0|buchtry01
116|Ryan|Dull|2018|1|OAK|AL|0|0|28|0|0|0|0|76|22|12|3|7|21|0.242|4.26|0.0|3|0.0|0|100.0|3|12|1.0|1.0|3.0|dullry01
400|Ross|Stripling|2018|1|LAN|NL|8|6|33|21|0|0|0|366|123|41|18|22|136|0.257|3.02|2.0|3|1.0|0|503.0|2|42|2.0|0.0|6.0|stripro01
121|Roenis|Elias|2018|1|SEA|AL|3|1|23|4|0|0|0|153|46|15|1|16|34|0.242|2.65|1.0|3|1.0|0|210.0|13|17|0.0|3.0|4.0|eliasro01
308|Roberto|Osuna|2018|2|HOU|AL|2|2|23|0|0|0|12|68|17|5|1|3|19|0.21|1.99|0.0|2|2.0|0|87.0|18|5|0.0|1.0|2.0|osunaro01
175|Robert|Gsellman|2018|1|NYN|NL|6|3|68|0|0|0|13|240|76|38|8|28|70|0.25|4.28|6.0|1|5.0|0|345.0|24|44|3.0|5.0|7.0|gsellro01
394|Robert|Stock|2018|1|SDN|NL|1|1|32|0|0|0|0|119|37|11|1|13|38|0.247|2.5|1.0|3|2.0|1|166.0|6|13|1.0|0.0|3.0|stockro01
122|Robbie|Erlin|2018|1|SDN|NL|4|7|39|12|0|0|0|327|112|51|12|12|88|0.267|4.21|0.0|2|0.0|1|439.0|8|57|3.0|5.0|11.0|erlinro01
336|Robbie|Ray|2018|1|ARI|NL|6|2|24|24|0|0|0|371|97|54|19|70|165|0.21600000000000005|3.93|3.0|5|5.0|0|526.0|0|55|1.0|1.0|10.0|rayro02
325|Rick|Porcello|2018|1|BOS|AL|17|7|33|33|1|0|0|574|177|91|27|48|190|0.241|4.28|0.0|3|16.0|1|808.0|0|97|3.0|6.0|8.0|porceri01
37|Richard|Bleier|2018|1|BAL|AL|3|0|31|0|0|0|0|98|36|7|0|4|15|0.28600000000000003|1.93|1.0|1|1.0|0|133.0|4|7|0.0|2.0|5.0|bleieri01
351|Richard|Rodriguez|2018|1|PIT|NL|4|3|63|0|0|0|0|208|55|19|5|19|88|0.217|2.47|3.0|11|5.0|0|279.0|20|19|1.0|1.0|6.0|rodriri05
202|Rich|Hill|2018|1|LAN|NL|11|5|25|24|0|0|0|398|108|54|20|41|150|0.219|3.66|3.0|2|8.0|1|547.0|0|57|4.0|1.0|4.0|hillri01
248|Reynaldo|Lopez|2018|1|CHA|AL|7|10|32|32|0|0|0|566|165|82|25|75|151|0.234|3.91|1.0|7|10.0|3|799.0|0|88|0.0|9.0|11.0|lopezre01
288|Reyes|Moronta|2018|1|SFN|NL|5|2|69|0|0|0|1|195|34|18|4|37|79|0.154|2.49|4.0|5|0.0|0|262.0|9|20|1.0|3.0|5.0|moronre01
36|Ray|Black|2018|1|SFN|NL|2|2|26|0|0|0|0|70|17|16|4|10|33|0.207|6.17|0.0|1|1.0|0|95.0|4|16|2.0|0.0|2.0|blackra01
358|Randy|Rosario|2018|1|CHN|NL|4|0|44|0|0|0|1|140|47|19|5|22|30|0.264|3.66|2.0|1|0.0|0|200.0|8|22|0.0|0.0|7.0|rosarra01
213|Raisel|Iglesias|2018|1|CIN|NL|2|5|66|0|0|0|30|216|52|19|12|25|80|0.199|2.38|2.0|2|2.0|0|291.0|57|22|1.0|2.0|4.0|iglesra01
222|Pierce|Johnson|2018|1|SFN|NL|3|2|37|0|0|0|0|131|38|27|5|22|36|0.236|5.56|1.0|1|0.0|0|186.0|7|27|1.0|2.0|3.0|johnspi01
265|Phil|Maton|2018|1|SDN|NL|0|2|45|0|0|0|0|142|50|23|3|23|55|0.269|4.37|1.0|4|2.0|0|214.0|12|25|2.0|1.0|3.0|matonph01
292|Peter|Moylan|2018|1|ATL|NL|0|1|39|0|0|0|0|85|32|14|4|18|23|0.299|4.45|3.0|3|2.0|0|129.0|6|14|2.0|0.0|6.0|moylape01
401|Pedro|Strop|2018|1|CHN|NL|6|1|60|0|0|0|13|179|38|15|4|21|57|0.179|2.26|3.0|3|5.0|0|240.0|20|15|1.0|1.0|7.0|stroppe01
13|Pedro|Araujo|2018|1|BAL|AL|1|3|20|0|0|0|0|84|29|24|9|18|29|0.264|7.71|0.0|1|2.0|0|130.0|8|24|0.0|0.0|2.0|araujpe01
17|Pedro|Baez|2018|1|LAN|NL|4|3|55|0|0|0|0|169|46|18|4|23|62|0.22|2.88|2.0|0|1.0|1|237.0|8|19|2.0|2.0|3.0|baezpe01
375|Paul|Sewald|2018|1|NYN|NL|0|7|46|0|0|0|2|169|62|38|8|23|58|0.277|6.07|2.0|1|1.0|0|253.0|9|39|2.0|3.0|4.0|sewalpa01
140|Paul|Fry|2018|1|BAL|AL|1|2|35|0|0|0|2|113|33|14|1|15|36|0.236|3.35|0.0|3|4.0|0|159.0|11|20|0.0|0.0|6.0|frypa01
96|Patrick|Corbin|2018|1|ARI|NL|11|7|33|33|1|1|0|600|162|70|15|48|246|0.218|3.15|3.0|8|5.0|0|800.0|0|70|3.0|2.0|11.0|corbipa01
295|Pat|Neshek|2018|1|PHI|NL|3|2|30|0|0|0|5|73|23|7|2|5|15|0.245|2.59|1.0|1|0.0|0|101.0|8|9|1.0|1.0|2.0|neshepa01
319|Oliver|Perez|2018|1|CLE|AL|1|1|51|0|0|0|0|97|17|5|1|7|43|0.155|1.39|3.0|1|2.0|0|120.0|1|6|0.0|1.0|1.0|perezol01
333|Noe|Ramirez|2018|1|LAA|AL|7|5|69|1|0|0|1|250|75|42|15|30|95|0.237|4.54|3.0|4|6.0|0|353.0|12|43|0.0|0.0|6.0|ramirno01
407|Noah|Syndergaard|2018|1|NYN|NL|13|4|25|25|2|1|0|463|148|52|9|39|155|0.25|3.03|2.0|2|7.0|0|644.0|0|55|3.0|3.0|11.0|syndeno01
323|Nick|Pivetta|2018|1|PHI|NL|7|14|33|32|0|0|0|492|163|87|24|51|188|0.261|4.77|0.0|8|5.0|0|694.0|1|91|8.0|5.0|16.0|pivetni01
440|Nick|Wittgren|2018|1|MIA|NL|2|1|32|0|0|0|0|101|29|11|1|15|31|0.223|2.94|3.0|2|1.0|0|148.0|6|13|1.0|1.0|1.0|wittgni01
426|Nick|Vincent|2018|1|SEA|AL|4|4|62|1|0|0|0|169|50|25|7|15|56|0.229|3.99|4.0|0|3.0|1|239.0|8|28|1.0|2.0|1.0|vinceni01
332|Neil|Ramirez|2018|1|CLE|AL|0|3|47|0|0|0|0|125|36|21|9|18|51|0.228|4.54|1.0|0|3.0|0|180.0|9|21|1.0|0.0|2.0|ramirne01
223|Nate|Jones|2018|1|CHA|AL|2|2|33|0|0|0|5|90|28|10|4|15|32|0.239|3.0|0.0|2|3.0|0|137.0|15|14|1.0|1.0|2.0|jonesna01
158|Mychal|Givens|2018|1|BAL|AL|0|7|69|0|0|0|9|230|61|34|4|30|79|0.218|3.99|4.0|4|3.0|0|317.0|32|37|1.0|3.0|4.0|givenmy01
279|Miles|Mikolas|2018|1|SLN|NL|18|4|32|32|1|1|0|602|186|63|16|29|146|0.245|2.83|4.0|2|7.0|1|808.0|0|70|8.0|4.0|18.0|mikolmi01
117|Mike|Dunn|2018|1|COL|NL|0|0|25|0|0|0|0|51|22|17|1|18|12|0.344|9.0|0.0|1|0.0|0|83.0|6|17|0.0|1.0|4.0|dunnmi01
136|Mike|Foltynewicz|2018|1|ATL|NL|13|10|31|31|2|1|0|549|130|58|17|68|202|0.195|2.85|3.0|7|6.0|2|744.0|0|65|2.0|1.0|11.0|foltymi01
268|Mike|Mayers|2018|1|SLN|NL|2|1|50|0|0|0|1|155|59|27|7|15|49|0.289|4.7|1.0|4|1.0|0|226.0|15|28|3.0|3.0|3.0|mayermi01
444|Mike|Wright|2018|1|BAL|AL|4|2|48|2|0|0|0|253|101|52|12|36|74|0.299|5.55|1.0|4|7.0|0|388.0|16|55|1.0|6.0|6.0|wrighmi01
242|Mike|Leake|2018|1|SEA|AL|10|10|31|31|0|0|0|557|207|90|23|34|119|0.28|4.36|3.0|2|6.0|0|784.0|0|98|1.0|3.0|24.0|leakemi01
131|Mike|Fiers|2018|1|DET|AL|7|6|21|21|0|0|0|357|121|46|20|26|87|0.258|3.48|1.0|2|5.0|0|502.0|0|49|1.0|1.0|5.0|fiersmi01
283|Mike|Minor|2018|1|TEX|AL|12|8|28|28|0|0|0|471|138|73|25|38|132|0.235|4.18|1.0|3|8.0|1|640.0|0|76|1.0|6.0|12.0|minormi01
285|Mike|Montgomery|2018|1|CHN|NL|5|6|38|19|0|0|0|372|131|55|10|39|86|0.272|3.99|4.0|4|7.0|0|534.0|6|58|3.0|4.0|13.0|montgmi01
85|Mike|Clevinger|2018|1|CLE|AL|13|8|32|32|1|1|0|600|164|67|21|67|207|0.223|3.02|0.0|4|4.0|0|810.0|0|71|0.0|1.0|15.0|clevimi01
69|Miguel|Castro|2018|1|BAL|AL|2|7|63|1|0|0|0|259|75|38|9|50|57|0.236|3.96|7.0|9|5.0|3|376.0|16|41|0.0|3.0|13.0|castrmi01
249|Michael|Lorenzen|2018|1|CIN|NL|4|2|45|3|0|0|1|243|78|28|6|34|54|0.258|3.11|2.0|2|3.0|0|344.0|10|32|2.0|3.0|8.0|lorenmi01
128|Michael|Feliz|2018|1|PIT|NL|1|2|47|0|0|0|0|143|49|30|6|23|55|0.261|5.66|0.0|3|3.0|1|217.0|7|33|0.0|3.0|1.0|felizmi01
141|Michael|Fulmer|2018|1|DET|AL|3|12|24|24|0|0|0|397|128|69|19|46|110|0.254|4.69|1.0|1|5.0|0|558.0|0|75|1.0|2.0|14.0|fulmemi01
370|Max|Scherzer|2018|1|WAS|NL|18|7|33|33|2|1|0|662|150|62|23|51|300|0.188|2.53|4.0|4|12.0|1|866.0|0|66|4.0|2.0|10.0|scherma01
39|Matthew|Bowman|2018|1|SLN|NL|0|2|22|0|0|0|0|69|29|16|4|11|26|0.309|6.26|3.0|1|1.0|0|109.0|5|16|2.0|1.0|2.0|bowmama01
188|Matt|Harvey|2018|2|CIN|NL|7|7|24|24|0|0|0|384|132|64|21|28|111|0.264|4.5|2.0|1|5.0|1|540.0|0|66|4.0|3.0|8.0|harvema01
258|Matt|Magill|2018|1|MIN|AL|3|3|40|0|0|0|0|170|58|24|11|23|56|0.262|3.81|0.0|0|3.0|0|249.0|9|24|1.0|1.0|3.0|magilma01
41|Matt|Boyd|2018|1|DET|AL|9|13|31|31|0|0|0|511|146|83|27|51|159|0.228|4.39|0.0|6|11.0|2|709.0|0|87|2.0|6.0|8.0|boydma01
28|Matt|Belisle|2018|2|MIN|AL|1|1|25|0|0|0|0|71|40|24|5|10|21|0.381|9.13|1.0|0|1.0|0|118.0|11|26|1.0|1.0|3.0|belisma01
21|Matt|Barnes|2018|1|BOS|AL|6|4|62|0|0|0|0|185|47|25|5|31|96|0.204|3.65|1.0|8|2.0|0|265.0|8|25|0.0|2.0|2.0|barnema01
60|Matt|Bush|2018|1|TEX|AL|0|0|21|0|0|0|0|69|23|12|3|14|19|0.256|4.7|0.0|1|2.0|0|108.0|6|13|0.0|2.0|0.0|bushma01
168|Matt|Grace|2018|1|WAS|NL|1|1|56|0|0|0|0|179|55|19|5|13|48|0.24|2.87|2.0|1|2.0|0|247.0|12|22|1.0|2.0|4.0|gracema02
1|Matt|Albers|2018|1|MIL|NL|3|3|34|0|0|0|1|103|45|28|10|12|32|0.321|7.34|2.0|1|2.0|0|157.0|10|29|0.0|3.0|6.0|alberma01
395|Matt|Strahm|2018|1|SDN|NL|3|4|41|5|0|0|0|184|39|14|6|21|69|0.17800000000000002|2.05|1.0|2|3.0|0|245.0|5|16|1.0|1.0|2.0|strahma01
11|Matt|Andriese|2018|1|TBA|AL|3|4|27|4|0|0|0|179|55|27|7|18|59|0.24|4.07|3.0|3|2.0|0|251.0|6|32|1.0|1.0|6.0|andrima01
286|Matt|Moore|2018|1|TEX|AL|3|8|39|12|0|0|0|306|128|77|19|41|86|0.305|6.79|1.0|6|5.0|0|471.0|10|82|1.0|4.0|8.0|moorema02
409|Masahiro|Tanaka|2018|1|NYA|AL|12|6|27|27|1|1|0|468|141|65|25|35|159|0.24|3.75|0.0|3|7.0|0|635.0|0|68|3.0|2.0|13.0|tanakma01
318|Martin|Perez|2018|1|TEX|AL|2|7|22|15|0|0|0|256|116|59|16|36|52|0.329|6.22|1.0|3|2.0|1|397.0|3|68|1.0|5.0|13.0|perezma02
277|Mark|Melancon|2018|1|SFN|NL|1|4|41|0|0|0|3|117|48|14|2|14|31|0.302|3.23|2.0|4|1.0|0|174.0|8|18|0.0|0.0|6.0|melanma01
123|Marco|Estrada|2018|1|TOR|AL|7|14|28|28|0|0|0|431|155|90|29|50|103|0.274|5.64|0.0|3|2.0|0|627.0|0|91|1.0|7.0|5.0|estrama01
166|Marco|Gonzales|2018|1|SEA|AL|13|9|29|29|1|0|0|500|172|74|17|32|145|0.267|4.0|0.0|2|6.0|0|686.0|0|76|1.0|4.0|23.0|gonzama02
55|Madison|Bumgarner|2018|1|SFN|NL|6|7|21|21|0|0|0|389|118|47|14|43|109|0.238|3.26|3.0|3|5.0|1|551.0|0|51|5.0|3.0|9.0|bumgama01
127|Luke|Farrell|2018|1|CHN|NL|3|4|20|2|0|0|0|94|30|18|7|16|39|0.244|5.17|2.0|1|1.0|0|141.0|8|22|0.0|1.0|1.0|farrelu01
432|Luke|Weaver|2018|1|SLN|NL|7|11|30|25|0|0|0|409|150|75|19|54|121|0.277|4.95|2.0|3|3.0|0|609.0|3|83|9.0|1.0|9.0|weavelu01
214|Luke|Jackson|2018|1|ATL|NL|1|2|35|0|0|0|1|122|41|20|3|21|46|0.259|4.43|3.0|6|2.0|1|184.0|11|22|1.0|2.0|1.0|jackslu01
68|Luis|Castillo|2018|1|CIN|NL|10|12|31|31|0|0|0|509|158|81|28|49|165|0.245|4.3|1.0|4|5.0|2|708.0|0|89|3.0|6.0|13.0|castilu02
374|Luis|Severino|2018|1|NYA|AL|19|8|32|32|1|1|0|574|173|72|19|46|220|0.238|3.39|0.0|8|5.0|0|780.0|0|76|1.0|2.0|13.0|severlu01
146|Luis|Garcia|2018|1|PHI|NL|3|1|59|0|0|0|1|138|49|31|4|18|51|0.271|6.07|1.0|7|4.0|0|204.0|7|31|0.0|1.0|5.0|garcilu03
15|Luis|Avilan|2018|1|CHA|AL|2|1|58|0|0|0|2|119|40|17|2|14|46|0.26|3.86|2.0|2|2.0|0|172.0|7|20|1.0|1.0|1.0|avilalu01
157|Lucas|Giolito|2018|1|CHA|AL|10|13|32|32|0|0|0|520|166|118|27|90|125|0.25|6.13|2.0|13|15.0|0|775.0|0|123|1.0|5.0|15.0|giolilu01
90|Louis|Coleman|2018|1|DET|AL|4|1|51|0|0|0|0|154|43|20|5|24|41|0.235|3.51|2.0|0|6.0|0|217.0|9|21|1.0|3.0|9.0|colemlo01
416|Lou|Trivino|2018|1|OAK|AL|8|3|69|1|0|0|4|222|53|24|8|31|82|0.201|2.92|4.0|4|2.0|1|299.0|10|24|1.0|1.0|8.0|trivilo01
193|Liam|Hendriks|2018|1|OAK|AL|0|1|25|8|0|0|0|72|25|11|3|10|22|0.272|4.13|0.0|1|1.0|0|104.0|1|11|0.0|1.0|2.0|hendrli01
273|Lance|McCullers|2018|1|HOU|AL|10|6|25|22|0|0|0|385|100|55|12|50|142|0.215|3.86|0.0|14|7.0|1|527.0|0|60|1.0|4.0|13.0|mcculla02
254|Lance|Lynn|2018|1|MIN|AL|7|8|20|20|0|0|0|307|105|58|12|62|100|0.263|5.1|3.0|3|6.0|0|469.0|0|61|0.0|2.0|10.0|lynnla01
23|Kyle|Barraclough|2018|1|MIA|NL|1|6|61|0|0|0|10|167|40|26|8|34|60|0.197|4.2|3.0|4|5.0|0|245.0|25|27|2.0|1.0|4.0|barraky01
192|Kyle|Hendricks|2018|1|CHN|NL|14|11|33|33|0|0|0|597|184|76|22|44|161|0.247|3.44|4.0|0|9.0|0|812.0|0|82|7.0|7.0|18.0|hendrky01
100|Kyle|Crick|2018|1|PIT|NL|3|2|64|0|0|0|2|181|45|16|3|23|65|0.202|2.39|3.0|9|7.0|2|255.0|13|18|1.0|1.0|1.0|crickky01
137|Kyle|Freeland|2018|1|COL|NL|17|7|33|33|0|0|0|607|182|64|17|70|173|0.24|2.85|2.0|2|6.0|0|844.0|0|64|5.0|6.0|24.0|freelky01
154|Kyle|Gibson|2018|1|MIN|AL|10|13|32|32|0|0|0|590|177|79|23|79|179|0.241|3.62|2.0|8|4.0|0|826.0|0|88|3.0|7.0|23.0|gibsoky01
160|Koda|Glover|2018|1|WAS|NL|1|3|21|0|0|0|1|49|13|6|1|10|9|0.217|3.31|1.0|0|0.0|0|71.0|6|6|0.0|1.0|1.0|gloveko01
447|Kirby|Yates|2018|1|SDN|NL|5|3|65|0|0|0|12|189|41|15|6|17|90|0.181|2.14|0.0|2|4.0|0|250.0|28|15|0.0|3.0|2.0|yateski01
218|Kevin|Jepsen|2018|1|TEX|AL|0|3|21|0|0|0|0|50|15|11|4|11|8|0.238|5.94|1.0|0|1.0|0|77.0|3|13|1.0|1.0|5.0|jepseke01
149|Kevin|Gausman|2018|1|BAL|AL|5|8|21|21|0|0|0|372|139|61|21|32|104|0.281|4.43|0.0|6|5.0|0|534.0|0|62|0.0|2.0|11.0|gausmke01
272|Kevin|McCarthy|2018|1|KCA|AL|5|4|65|0|0|0|0|216|70|26|7|20|46|0.259|3.25|2.0|2|2.0|0|293.0|10|28|0.0|1.0|10.0|mccarke01
226|Keone|Kela|2018|1|TEX|AL|3|3|38|0|0|0|24|110|28|14|3|14|44|0.206|3.44|1.0|4|0.0|2|152.0|31|14|1.0|1.0|1.0|kelake01
257|Kenta|Maeda|2018|1|LAN|NL|8|10|39|20|0|0|2|376|115|53|13|43|153|0.24|3.81|4.0|2|5.0|2|532.0|4|58|2.0|3.0|7.0|maedake01
215|Kenley|Jansen|2018|1|LAN|NL|1|5|69|0|0|0|38|215|54|24|13|17|82|0.201|3.01|1.0|0|2.0|2|289.0|59|28|0.0|1.0|2.0|janseke01
155|Ken|Giles|2018|1|HOU|AL|0|2|34|0|0|0|12|92|36|17|2|3|31|0.28600000000000003|4.99|0.0|1|0.0|0|129.0|24|17|0.0|0.0|2.0|gileske01
156|Ken|Giles|2018|2|TOR|AL|0|1|21|0|0|0|14|59|18|9|4|4|22|0.234|4.12|0.0|1|1.0|0|83.0|18|11|1.0|0.0|1.0|gileske01
197|Kelvin|Herrera|2018|1|KCA|AL|1|1|27|0|0|0|14|77|19|3|2|2|22|0.207|1.05|0.0|0|0.0|0|95.0|21|3|1.0|0.0|3.0|herreke01
198|Kelvin|Herrera|2018|2|WAS|NL|1|2|21|0|0|0|3|56|24|9|4|8|16|0.304|4.34|0.0|0|1.0|1|89.0|11|9|0.0|0.0|1.0|herreke01
260|Kazuhisa|Makita|2018|1|SDN|NL|0|1|27|0|0|0|0|105|32|21|7|12|37|0.241|5.4|2.0|0|2.0|0|149.0|9|23|2.0|0.0|1.0|makitka01
437|Justin|Wilson|2018|1|CHN|NL|4|5|71|0|0|0|0|164|45|21|5|33|69|0.223|3.46|1.0|4|0.0|1|236.0|12|22|0.0|1.0|5.0|wilsoju10
9|Justin|Anderson|2018|1|LAA|AL|3|3|57|0|0|0|4|166|42|25|3|40|67|0.214|4.07|3.0|9|4.0|1|241.0|10|25|0.0|0.0|9.0|anderju01
281|Justin|Miller|2018|1|WAS|NL|7|1|51|0|0|0|2|157|42|21|10|17|60|0.218|3.61|1.0|1|2.0|0|215.0|10|22|1.0|2.0|2.0|milleju02
425|Justin|Verlander|2018|1|HOU|AL|16|9|34|34|1|1|0|642|156|60|28|37|290|0.2|2.52|0.0|5|8.0|2|833.0|0|63|2.0|5.0|3.0|verlaju01
177|Junior|Guerra|2018|1|MIL|NL|6|9|31|26|0|0|0|423|143|64|19|55|136|0.264|4.09|0.0|11|4.0|0|611.0|1|74|5.0|4.0|10.0|guerrju02
410|Junichi|Tazawa|2018|1|MIA|NL|1|1|22|0|0|0|0|60|28|20|6|13|24|0.329|9.0|3.0|0|0.0|0|99.0|8|21|0.0|1.0|0.0|tazawju01
411|Julio|Teheran|2018|1|ATL|NL|9|9|31|31|0|0|0|527|122|77|26|84|162|0.196|3.94|3.0|2|9.0|3|724.0|0|80|3.0|5.0|8.0|teherju01
298|Juan|Nicasio|2018|1|SEA|AL|1|6|46|0|0|0|1|126|53|28|6|5|53|0.308|6.0|0.0|0|2.0|0|183.0|6|30|0.0|4.0|1.0|nicasju01
282|Juan|Minaya|2018|1|CHA|AL|2|2|52|0|0|0|1|140|39|17|3|29|58|0.22|3.28|3.0|9|3.0|0|209.0|9|19|0.0|0.0|2.0|minayju01
179|Josh|Hader|2018|1|MIL|NL|6|1|55|0|0|0|12|244|36|22|9|30|143|0.132|2.43|0.0|0|1.0|1|306.0|14|23|1.0|2.0|1.0|haderjo01
130|Josh|Fields|2018|1|LAN|NL|2|2|45|0|0|0|2|123|28|10|4|11|33|0.196|2.2|1.0|0|0.0|0|154.0|10|10|0.0|0.0|3.0|fieldjo03
414|Josh|Tomlin|2018|1|CLE|AL|2|5|32|9|0|0|0|211|92|48|25|12|46|0.304|6.14|1.0|5|4.0|0|321.0|19|52|0.0|2.0|2.0|tomlijo01
244|Jose|Leclerc|2018|1|TEX|AL|2|3|59|0|0|0|12|173|24|10|1|25|85|0.126|1.56|1.0|2|3.0|0|223.0|21|16|4.0|0.0|2.0|leclejo01
6|Jose|Alvarez|2018|1|LAA|AL|6|4|76|0|0|0|1|189|51|19|3|22|59|0.217|2.71|2.0|1|2.0|0|261.0|5|20|2.0|0.0|6.0|alvarjo02
418|Jose|Urena|2018|1|MIA|NL|9|12|31|31|1|0|0|522|155|77|19|51|130|0.242|3.98|8.0|2|12.0|1|712.0|0|78|5.0|4.0|16.0|urenajo01
67|Jose|Castillo|2018|1|SDN|NL|3|3|37|0|0|0|0|115|23|14|3|12|52|0.17|3.29|1.0|1|3.0|0|150.0|5|14|0.0|0.0|0.0|castijo03
29|Jose|Berrios|2018|1|MIN|AL|12|11|32|32|2|1|0|577|159|82|25|61|202|0.222|3.84|1.0|2|13.0|0|797.0|0|83|2.0|4.0|11.0|berrijo01
331|Jose|Quintana|2018|1|CHN|NL|13|11|32|32|0|0|0|523|162|78|25|68|158|0.246|4.03|3.0|3|3.0|0|739.0|0|81|8.0|2.0|13.0|quintjo01
7|Jose|Alvarado|2018|1|TBA|AL|1|6|70|0|0|0|8|192|42|17|1|29|80|0.183|2.39|4.0|2|1.0|0|263.0|17|21|2.0|2.0|3.0|alvarjo03
104|Jorge|De La Rosa|2018|1|ARI|NL|0|2|42|0|0|0|0|105|37|18|6|19|27|0.278|4.63|3.0|2|1.0|2|158.0|7|19|3.0|2.0|8.0|delarjo01
253|Jordan|Lyles|2018|1|SDN|NL|2|4|24|8|0|0|0|214|71|34|12|19|62|0.259|4.29|0.0|4|1.0|0|300.0|5|35|3.0|3.0|4.0|lylesjo01
450|Jordan|Zimmermann|2018|1|DET|AL|7|8|25|25|0|0|0|394|140|66|28|26|111|0.269|4.52|0.0|1|2.0|0|556.0|0|76|2.0|5.0|4.0|zimmejo02
200|Jordan|Hicks|2018|1|SLN|NL|3|4|73|0|0|0|6|233|59|31|2|45|70|0.208|3.59|2.0|9|8.0|0|339.0|20|33|0.0|2.0|12.0|hicksjo03
422|Jonny|Venters|2018|1|TBA|AL|1|1|22|1|0|0|1|42|11|6|1|6|11|0.212|3.86|1.0|0|0.0|0|58.0|6|6|0.0|0.0|1.0|ventejo01
423|Jonny|Venters|2018|2|ATL|NL|4|1|28|0|0|0|2|61|15|8|0|10|16|0.205|3.54|2.0|3|1.0|0|87.0|4|9|2.0|1.0|2.0|ventejo01
205|Jonathan|Holder|2018|1|NYA|AL|1|3|60|1|0|0|0|198|53|23|4|19|60|0.214|3.14|3.0|1|1.0|0|272.0|14|27|2.0|2.0|2.0|holdejo02
246|Jon|Lester|2018|1|CHN|NL|18|6|32|32|0|0|0|545|174|67|24|64|149|0.256|3.32|1.0|4|6.0|0|761.0|0|75|7.0|3.0|15.0|lestejo01
170|Jon|Gray|2018|1|COL|NL|12|9|31|31|0|0|0|517|180|98|27|52|183|0.266|5.12|1.0|6|6.0|2|743.0|0|102|4.0|3.0|12.0|grayjo02
142|John|Gant|2018|1|SLN|NL|7|6|26|19|0|0|0|342|91|44|9|57|95|0.21600000000000005|3.47|3.0|5|2.0|0|487.0|1|54|2.0|4.0|7.0|gantjo01
50|John|Brebbia|2018|1|SLN|NL|3|3|45|0|0|0|2|152|43|18|5|16|60|0.226|3.2|2.0|1|0.0|0|209.0|17|18|1.0|2.0|3.0|brebbjo01
16|John|Axford|2018|1|TOR|AL|4|1|45|1|0|0|0|153|44|25|6|20|50|0.234|4.41|1.0|6|2.0|0|211.0|11|27|0.0|1.0|8.0|axforjo01
251|Joey|Lucchesi|2018|1|SDN|NL|8|9|26|26|0|0|0|390|125|59|23|43|145|0.254|4.08|2.0|4|4.0|0|548.0|0|63|3.0|4.0|12.0|lucchjo01
32|Joe|Biagini|2018|1|TOR|AL|4|7|50|4|0|0|0|216|96|48|14|24|53|0.32299999999999995|6.0|0.0|8|6.0|0|328.0|7|50|0.0|1.0|11.0|biagijo01
229|Joe|Kelly|2018|1|BOS|AL|4|2|73|0|0|0|2|197|57|32|4|32|68|0.234|4.39|0.0|4|5.0|0|285.0|9|34|0.0|4.0|6.0|kellyjo05
219|Joe|Jimenez|2018|1|DET|AL|5|4|68|0|0|0|3|188|53|30|5|22|78|0.222|4.31|3.0|3|3.0|0|267.0|17|34|0.0|2.0|2.0|jimenjo02
384|Joe|Smith|2018|1|HOU|AL|5|1|56|0|0|0|0|137|34|19|7|12|46|0.207|3.74|0.0|1|2.0|0|180.0|13|20|0.0|2.0|4.0|smithjo05
389|Joakim|Soria|2018|2|MIL|NL|3|1|26|0|0|0|0|66|18|10|2|6|26|0.214|4.09|0.0|1|1.0|1|91.0|0|11|0.0|0.0|3.0|soriajo01
388|Joakim|Soria|2018|1|CHA|AL|0|3|40|0|0|0|16|116|35|11|2|10|49|0.23|2.56|1.0|1|1.0|0|164.0|29|13|1.0|0.0|1.0|soriajo01
97|Jimmy|Cordero|2018|1|WAS|NL|1|2|22|0|0|0|0|57|23|12|2|12|12|0.28800000000000003|5.68|2.0|0|2.0|0|94.0|3|13|0.0|0.0|2.0|cordeji01
221|Jim|Johnson|2018|1|LAA|AL|5|3|62|1|0|0|2|190|64|27|9|22|45|0.268|3.84|1.0|5|1.0|0|268.0|14|38|2.0|4.0|8.0|johnsji04
72|Jhoulys|Chacin|2018|1|MIL|NL|15|8|35|35|0|0|0|578|153|75|18|71|156|0.22|3.5|3.0|5|11.0|0|796.0|0|83|8.0|9.0|12.0|chacijh01
125|Jeurys|Familia|2018|2|OAK|AL|4|2|30|0|0|0|1|94|24|12|2|14|40|0.205|3.45|0.0|1|0.0|0|131.0|7|13|0.0|0.0|1.0|familje01
124|Jeurys|Familia|2018|1|NYN|NL|4|4|40|0|0|0|17|122|36|13|1|14|43|0.234|2.88|1.0|1|2.0|0|171.0|29|13|0.0|1.0|2.0|familje01
77|Jesse|Chavez|2018|1|TEX|AL|3|1|30|0|0|0|1|169|58|22|10|12|50|0.262|3.51|1.0|1|0.0|0|234.0|15|23|0.0|1.0|5.0|chaveje01
78|Jesse|Chavez|2018|2|CHN|NL|2|1|32|0|0|0|4|117|26|5|3|5|42|0.19|1.15|0.0|0|0.0|0|143.0|11|5|0.0|1.0|4.0|chaveje01
33|Jesse|Biddle|2018|1|ATL|NL|6|1|60|0|0|0|1|191|50|22|6|31|67|0.218|3.11|5.0|2|3.0|0|266.0|14|26|2.0|1.0|8.0|biddlje01
38|Jerry|Blevins|2018|1|NYN|NL|3|2|64|1|0|0|1|128|36|23|6|22|41|0.225|4.85|1.0|1|5.0|0|188.0|7|24|0.0|1.0|1.0|blevije01
216|Jeremy|Jeffress|2018|1|MIL|NL|8|1|73|0|0|0|15|230|49|11|5|27|89|0.182|1.29|4.0|4|1.0|0|299.0|24|12|1.0|1.0|7.0|jeffrje01
164|Jeanmar|Gomez|2018|1|CHA|AL|0|2|26|0|0|0|0|75|29|13|3|10|27|0.293|4.68|1.0|0|1.0|0|114.0|5|15|1.0|3.0|0.0|gomezje01
176|Javy|Guerra|2018|1|MIA|NL|1|1|32|0|0|0|1|107|42|22|4|12|30|0.292|5.55|2.0|3|3.0|0|162.0|12|27|2.0|1.0|3.0|guerrja01
181|Jason|Hammel|2018|1|KCA|AL|4|14|39|18|0|0|0|381|168|85|18|39|92|0.315|6.02|4.0|3|3.0|0|583.0|14|91|2.0|5.0|6.0|hammeja01
0|Jason|Adam|2018|1|KCA|AL|0|3|31|0|0|0|0|97|30|22|9|15|37|0.246|6.12|1.0|4|3.0|1|142.0|14|22|0.0|2.0|1.0|adamja01
419|Jason|Vargas|2018|1|NYN|NL|7|9|20|20|0|0|0|276|100|59|18|30|84|0.276|5.77|1.0|0|5.0|0|404.0|0|60|5.0|2.0|7.0|vargaja01
145|Jarlin|Garcia|2018|1|MIA|NL|3|3|29|7|0|0|0|198|59|36|16|28|40|0.239|4.91|3.0|0|0.0|2|278.0|3|37|1.0|2.0|8.0|garcija04
211|Jared|Hughes|2018|1|CIN|NL|4|3|72|0|0|0|7|236|57|17|4|23|59|0.212|1.94|2.0|5|2.0|0|298.0|23|17|1.0|3.0|13.0|hugheja02
408|Jameson|Taillon|2018|1|PIT|NL|14|10|32|32|2|1|0|573|179|68|20|46|179|0.246|3.2|4.0|2|6.0|0|785.0|0|69|4.0|2.0|14.0|taillja01
377|James|Shields|2018|1|CHA|AL|7|16|34|33|0|0|0|614|190|103|34|78|154|0.245|4.53|0.0|11|9.0|1|871.0|1|115|2.0|7.0|10.0|shielja02
314|James|Pazos|2018|1|SEA|AL|4|1|60|0|0|0|0|150|47|16|4|15|45|0.249|2.88|1.0|2|5.0|0|211.0|4|19|0.0|2.0|7.0|pazosja01
313|James|Paxton|2018|1|SEA|AL|11|6|28|28|2|1|0|481|134|67|23|42|208|0.224|3.76|0.0|8|1.0|0|645.0|0|67|2.0|2.0|11.0|paxtoja01
224|Jakob|Junis|2018|1|KCA|AL|9|12|30|30|1|0|0|531|182|86|32|43|164|0.265|4.37|1.0|9|15.0|0|758.0|0|94|4.0|8.0|11.0|junisja01
275|Jake|McGee|2018|1|COL|NL|2|4|61|0|0|0|1|154|59|37|10|16|47|0.285|6.49|1.0|5|2.0|0|227.0|9|39|2.0|0.0|1.0|mcgeeja01
109|Jake|Diekman|2018|2|ARI|NL|0|1|24|0|0|0|0|43|18|12|2|8|18|0.3|7.53|1.0|3|3.0|0|71.0|5|15|0.0|0.0|1.0|diekmja01
322|Jake|Petricka|2018|1|TOR|AL|3|1|41|0|0|0|0|137|59|23|6|16|41|0.317|4.53|0.0|5|5.0|0|208.0|5|28|1.0|0.0|10.0|petrija01
108|Jake|Diekman|2018|1|TEX|AL|1|1|47|0|0|0|2|117|31|16|2|23|48|0.215|3.69|1.0|0|3.0|0|172.0|10|18|0.0|2.0|6.0|diekmja01
304|Jake|Odorizzi|2018|1|MIN|AL|7|10|32|32|0|0|0|493|151|82|20|70|162|0.242|4.49|3.0|1|8.0|0|711.0|0|89|4.0|4.0|9.0|odorija01
14|Jake|Arrieta|2018|1|PHI|NL|10|11|31|31|0|0|0|518|165|76|21|57|138|0.254|3.96|0.0|11|7.0|1|724.0|0|93|1.0|8.0|22.0|arrieja01
371|Jaime|Schultz|2018|1|TBA|AL|2|2|22|1|0|0|0|91|18|19|6|17|35|0.175|5.64|0.0|1|3.0|0|125.0|7|19|0.0|2.0|2.0|schulja02
144|Jaime|Garcia|2018|1|TOR|AL|3|6|25|13|0|0|0|223|76|49|13|38|69|0.261|5.93|1.0|6|3.0|1|335.0|3|53|1.0|2.0|6.0|garcija02
24|Jaime|Barria|2018|1|LAA|AL|10|9|26|26|0|0|0|388|117|49|17|47|98|0.242|3.41|0.0|3|6.0|1|537.0|0|50|0.0|0.0|13.0|barrija01
338|Jacob|Rhame|2018|1|NYN|NL|1|2|30|0|0|0|1|97|38|21|8|8|28|0.295|5.85|2.0|0|1.0|0|140.0|15|21|2.0|0.0|2.0|rhameja01
20|Jacob|Barnes|2018|1|MIL|NL|0|1|49|0|0|0|2|146|51|18|4|23|47|0.266|3.33|2.0|4|0.0|0|217.0|19|24|1.0|1.0|5.0|barneja01
103|Jacob|deGrom|2018|1|NYN|NL|10|9|32|32|1|0|0|651|152|41|10|46|269|0.196|1.7|3.0|2|5.0|0|835.0|0|48|3.0|5.0|13.0|degroja01
393|Jackson|Stephens|2018|1|CIN|NL|2|3|29|0|0|0|0|115|50|21|7|15|33|0.307|4.93|3.0|3|3.0|0|183.0|12|30|2.0|0.0|3.0|stephja01
132|Jack|Flaherty|2018|1|SLN|NL|8|9|28|28|0|0|0|453|108|56|20|59|182|0.199|3.34|3.0|6|11.0|0|615.0|0|59|2.0|1.0|14.0|flaheja01
139|Jace|Fry|2018|1|CHA|AL|2|3|59|1|0|0|4|154|37|25|4|20|70|0.194|4.38|0.0|5|1.0|0|214.0|12|28|2.0|0.0|1.0|fryja01
75|J. T.|Chargois|2018|1|LAN|NL|2|4|39|0|0|0|0|97|26|12|4|15|40|0.222|3.34|3.0|3|2.0|0|135.0|4|13|1.0|0.0|2.0|chargjt01
184|J. A.|Happ|2018|1|TOR|AL|10|6|20|20|0|0|0|342|99|53|17|35|130|0.229|4.18|0.0|1|4.0|0|475.0|0|61|1.0|1.0|9.0|happja01
301|Ivan|Nova|2018|1|PIT|NL|9|9|29|29|0|0|0|483|171|75|26|35|114|0.268|4.19|4.0|9|4.0|1|683.0|0|82|4.0|2.0|13.0|novaiv01
230|Ian|Kennedy|2018|1|KCA|AL|3|9|22|22|0|0|0|359|125|62|20|40|105|0.265|4.66|2.0|4|1.0|0|518.0|0|66|4.0|2.0|6.0|kenneia01
399|Hunter|Strickland|2018|1|SFN|NL|3|5|49|0|0|0|14|136|43|20|5|21|37|0.247|3.97|2.0|4|1.0|0|201.0|35|25|2.0|3.0|3.0|strichu01
442|Hunter|Wood|2018|1|TBA|AL|1|1|29|8|0|0|0|123|42|17|4|18|42|0.264|3.73|1.0|0|0.0|1|179.0|3|17|1.0|1.0|2.0|woodhu01
18|Homer|Bailey|2018|1|CIN|NL|1|14|20|20|1|0|0|319|141|72|23|33|75|0.313|6.09|9.0|2|2.0|1|494.0|0|82|5.0|3.0|4.0|baileho02
294|Hector|Neris|2018|1|PHI|NL|1|3|53|0|0|0|11|143|46|27|11|16|76|0.25|5.1|1.0|5|1.0|0|203.0|28|27|2.0|0.0|1.0|nerishe01
368|Hector|Santiago|2018|1|CHA|AL|6|3|49|7|0|0|2|306|102|51|16|60|103|0.261|4.5|3.0|1|5.0|2|460.0|27|54|1.0|3.0|9.0|santihe01
357|Hector|Rondon|2018|1|HOU|AL|2|5|63|0|0|0|15|177|58|21|4|20|67|0.252|3.2|2.0|1|0.0|0|250.0|26|22|0.0|0.0|5.0|rondohe01
421|Hector|Velazquez|2018|1|BOS|AL|7|2|47|8|0|0|0|255|97|30|7|26|53|0.29|3.18|1.0|4|7.0|0|370.0|15|35|0.0|2.0|12.0|velazhe01
191|Heath|Hembree|2018|1|BOS|AL|4|1|67|0|0|0|0|180|53|28|10|27|76|0.233|4.2|1.0|4|1.0|1|260.0|10|30|0.0|5.0|2.0|hembrhe01
293|Harrison|Musgrave|2018|1|COL|NL|2|3|35|0|0|0|0|134|36|23|7|22|32|0.224|4.63|2.0|2|1.0|1|185.0|8|23|0.0|1.0|5.0|musgrha01
345|Hansel|Robles|2018|2|LAA|AL|0|1|37|0|0|0|2|109|32|12|2|15|36|0.237|2.97|0.0|1|1.0|0|154.0|11|15|1.0|2.0|4.0|robleha01
207|Greg|Holland|2018|1|SLN|NL|0|2|32|0|0|0|0|75|34|22|1|22|22|0.312|7.92|2.0|0|0.0|0|132.0|7|28|1.0|0.0|1.0|hollagr01
208|Greg|Holland|2018|2|WAS|NL|2|0|24|0|0|0|3|64|9|2|1|10|25|0.13|0.84|0.0|0|1.0|0|80.0|6|2|0.0|0.0|3.0|hollagr01
165|Gio|Gonzalez|2018|1|WAS|NL|7|11|27|27|0|0|0|437|153|74|15|70|126|0.272|4.57|2.0|4|2.0|0|646.0|0|77|3.0|8.0|11.0|gonzagi01
89|Gerrit|Cole|2018|1|HOU|AL|15|5|32|32|1|1|0|601|143|64|19|64|276|0.198|2.88|0.0|9|7.0|0|799.0|0|68|2.0|3.0|11.0|colege01
262|German|Marquez|2018|1|COL|NL|14|11|33|33|0|0|0|588|179|82|24|57|230|0.241|3.77|5.0|8|8.0|0|817.0|0|90|2.0|6.0|15.0|marquge01
240|George|Kontos|2018|1|PIT|NL|2|3|21|0|0|0|1|59|23|11|4|5|9|0.295|5.03|0.0|0|3.0|0|89.0|6|12|1.0|2.0|0.0|kontoge01
291|Gabriel|Moya|2018|1|MIN|AL|3|1|35|6|0|0|0|109|35|19|6|13|31|0.245|4.71|0.0|1|1.0|0|159.0|5|19|0.0|2.0|2.0|moyaga01
247|Francisco|Liriano|2018|1|DET|AL|5|12|27|26|0|0|0|401|127|68|19|73|110|0.252|4.58|0.0|9|5.0|0|586.0|0|84|0.0|5.0|16.0|liriafr01
363|Fernando|Salas|2018|1|ARI|NL|4|4|41|0|0|0|0|120|40|20|5|13|30|0.265|4.5|4.0|2|1.0|0|170.0|12|20|2.0|2.0|5.0|salasfe01
346|Fernando|Rodney|2018|1|MIN|AL|3|2|46|0|0|0|25|131|42|15|5|19|50|0.249|3.09|1.0|2|2.0|0|192.0|39|18|0.0|2.0|3.0|rodnefe01
347|Fernando|Rodney|2018|2|OAK|AL|1|1|22|0|0|0|0|62|20|9|2|13|20|0.253|3.92|0.0|4|1.0|0|93.0|1|9|0.0|0.0|1.0|rodnefe01
196|Felix|Hernandez|2018|1|SEA|AL|8|14|29|28|0|0|0|467|159|96|27|59|125|0.262|5.55|0.0|11|12.0|0|685.0|0|107|3.0|4.0|16.0|hernafe02
342|Felipe|Vazquez|2018|1|PIT|NL|4|2|70|0|0|0|37|210|63|21|4|24|89|0.232|2.7|2.0|3|1.0|0|296.0|60|24|0.0|0.0|4.0|riverfe01
162|Erik|Goeddel|2018|2|LAN|NL|1|0|26|0|0|0|0|88|22|11|4|15|35|0.202|3.38|2.0|1|1.0|0|126.0|4|11|0.0|1.0|0.0|goedder01
241|Eric|Lauer|2018|1|SDN|NL|6|7|23|23|0|0|0|336|127|54|15|46|100|0.285|4.34|2.0|2|6.0|1|504.0|0|61|4.0|2.0|7.0|lauerer01
311|Emilio|Pagan|2018|1|OAK|AL|3|1|55|0|0|0|0|186|55|30|13|19|63|0.23|4.35|1.0|3|3.0|0|262.0|17|30|0.0|1.0|1.0|paganem01
195|Elieser|Hernandez|2018|1|MIA|NL|2|7|32|6|0|0|0|197|68|38|11|27|45|0.272|5.21|3.0|1|2.0|1|284.0|6|38|3.0|2.0|5.0|hernael01
107|Edwin|Diaz|2018|1|SEA|AL|0|4|73|0|0|0|57|220|41|16|5|17|124|0.16|1.96|0.0|3|6.0|1|280.0|65|17|0.0|0.0|2.0|diazed04
335|Edubray|Ramos|2018|1|PHI|NL|3|1|52|0|0|0|1|128|34|11|4|15|42|0.218|2.32|2.0|4|1.0|0|174.0|10|14|1.0|1.0|5.0|ramosed02
350|Eduardo|Rodriguez|2018|1|BOS|AL|13|5|27|23|0|0|0|389|119|55|16|45|146|0.238|3.82|1.0|1|4.0|0|553.0|0|56|0.0|3.0|5.0|rodried05
367|Edgar|Santana|2018|1|PIT|NL|3|4|69|0|0|0|0|199|61|24|7|12|54|0.24|3.26|2.0|3|3.0|0|271.0|11|25|1.0|1.0|5.0|santaed01
61|Eddie|Butler|2018|2|TEX|AL|1|2|22|0|0|0|2|96|43|23|10|12|18|0.316|6.47|1.0|5|2.0|0|153.0|6|24|0.0|3.0|2.0|butleed01
133|Dylan|Floro|2018|1|CIN|NL|3|2|25|0|0|0|0|109|39|11|2|12|27|0.275|2.72|3.0|0|0.0|1|159.0|13|12|2.0|3.0|3.0|florody01
99|Dylan|Covey|2018|1|CHA|AL|5|14|27|21|0|0|0|365|129|70|13|52|91|0.269|5.18|4.0|5|2.0|0|542.0|2|81|5.0|3.0|9.0|coveydy01
57|Dylan|Bundy|2018|1|BAL|AL|8|16|31|31|1|0|0|515|188|104|41|54|184|0.274|5.45|1.0|6|6.0|1|750.0|0|116|3.0|2.0|13.0|bundydy01
134|Dylan|Floro|2018|2|LAN|NL|3|1|29|0|0|0|0|83|18|5|1|11|31|0.182|1.63|3.0|1|1.0|1|112.0|7|5|1.0|0.0|2.0|florody01
383|Drew|Smith|2018|1|NYN|NL|1|1|27|0|0|0|0|84|34|11|2|6|18|0.309|3.54|0.0|1|2.0|0|120.0|8|11|0.0|2.0|3.0|smithdr01
360|Drew|Rucinski|2018|1|MIA|NL|4|2|32|0|0|0|0|106|34|17|2|13|27|0.254|4.33|4.0|1|4.0|0|154.0|5|21|1.0|2.0|2.0|rucindr01
392|Drew|Steckenrider|2018|1|MIA|NL|4|4|71|0|0|0|5|194|55|28|7|27|74|0.227|3.9|5.0|0|2.0|0|272.0|17|29|0.0|1.0|3.0|steckdr01
324|Drew|Pomeranz|2018|1|BOS|AL|2|6|26|11|0|0|0|222|87|50|12|44|66|0.297|6.08|1.0|4|4.0|1|344.0|5|53|0.0|3.0|9.0|pomerdr01
424|Drew|VerHagen|2018|1|DET|AL|3|3|41|1|0|0|0|169|46|29|6|19|53|0.222|4.63|0.0|6|3.0|0|233.0|4|29|0.0|4.0|4.0|verhadr01
296|Dovydas|Neverauskas|2018|1|PIT|NL|0|0|25|0|0|0|0|81|30|24|9|10|27|0.28|8.0|0.0|2|1.0|0|119.0|8|25|0.0|1.0|2.0|neverdo01
187|Donnie|Hart|2018|1|BAL|AL|0|0|20|0|0|0|0|58|31|12|2|12|13|0.36|5.59|0.0|0|0.0|0|99.0|3|13|0.0|1.0|1.0|hartdo01
245|Dominic|Leone|2018|1|SLN|NL|1|2|29|0|0|0|0|72|27|12|3|8|26|0.287|4.5|3.0|0|0.0|0|106.0|8|12|1.0|3.0|1.0|leonedo01
153|Domingo|German|2018|1|NYA|AL|2|6|21|14|0|0|0|257|81|53|15|33|102|0.242|5.57|0.0|7|5.0|1|375.0|2|55|0.0|2.0|2.0|germado01
66|Diego|Castillo|2018|1|TBA|AL|4|2|43|11|0|0|0|170|36|20|6|18|65|0.17800000000000002|3.18|0.0|5|2.0|1|222.0|5|21|0.0|0.0|1.0|castidi01
206|Derek|Holland|2018|1|SFN|NL|7|9|36|30|0|0|0|514|154|68|19|67|169|0.241|3.57|6.0|2|4.0|1|727.0|1|74|9.0|7.0|12.0|hollade01
349|Dereck|Rodriguez|2018|1|SFN|NL|6|4|21|19|0|0|0|355|98|37|9|36|89|0.223|2.81|2.0|1|7.0|0|487.0|1|43|2.0|3.0|11.0|rodride01
30|Dellin|Betances|2018|1|NYA|AL|4|6|66|0|0|0|4|200|44|20|7|26|115|0.18600000000000005|2.7|2.0|4|5.0|1|272.0|15|22|3.0|1.0|3.0|betande01
329|David|Price|2018|1|BOS|AL|16|7|30|30|1|0|0|528|151|70|25|50|177|0.23|3.58|0.0|1|10.0|0|722.0|0|75|1.0|4.0|10.0|priceda01
344|David|Robertson|2018|1|NYA|AL|8|3|69|0|0|0|5|209|46|25|7|26|91|0.183|3.23|1.0|1|0.0|0|283.0|11|30|4.0|1.0|2.0|roberda08
199|David|Hess|2018|1|BAL|AL|3|10|21|19|0|0|0|310|106|56|22|37|74|0.262|4.88|2.0|3|8.0|1|454.0|1|64|1.0|4.0|6.0|hessda01
194|David|Hernandez|2018|1|CIN|NL|5|2|57|0|0|0|0|192|46|18|6|17|65|0.2|2.53|1.0|3|5.0|2|254.0|6|20|2.0|0.0|5.0|hernada01
303|Darren|O'Day|2018|1|BAL|AL|0|2|20|0|0|0|2|60|18|8|3|4|27|0.237|3.6|1.0|0|3.0|1|83.0|10|9|0.0|0.0|0.0|odayda01
19|Danny|Barnes|2018|1|TOR|AL|3|3|47|0|0|0|0|123|47|26|6|22|38|0.285|5.71|1.0|0|1.0|0|191.0|6|28|0.0|2.0|3.0|barneda02
113|Danny|Duffy|2018|1|KCA|AL|8|12|28|28|0|0|0|465|161|84|23|70|141|0.264|4.88|1.0|14|4.0|0|692.0|0|86|2.0|6.0|6.0|duffyda01
98|Danny|Coulombe|2018|1|OAK|AL|1|1|27|0|0|0|0|71|24|12|5|11|26|0.279|4.56|0.0|2|0.0|0|98.0|3|13|0.0|1.0|6.0|couloda01
402|Daniel|Stumpf|2018|1|DET|AL|1|5|56|0|0|0|0|115|44|21|5|16|37|0.28600000000000003|4.93|1.0|2|0.0|0|173.0|5|23|1.0|2.0|2.0|stumpda01
209|Daniel|Hudson|2018|1|LAN|NL|3|2|40|1|0|0|0|138|38|21|6|18|44|0.217|4.11|1.0|3|4.0|0|197.0|11|25|0.0|0.0|3.0|hudsoda01
278|Daniel|Mengden|2018|1|OAK|AL|7|6|22|17|1|1|0|347|103|52|18|26|72|0.234|4.05|0.0|6|3.0|0|476.0|0|58|4.0|2.0|6.0|mengdda01
439|Dan|Winkler|2018|1|ATL|NL|4|0|69|0|0|0|2|181|52|23|3|20|69|0.228|3.43|1.0|2|5.0|0|255.0|11|27|1.0|1.0|3.0|winklda01
217|Dan|Jennings|2018|1|MIL|NL|4|5|72|1|0|0|1|193|66|23|6|23|45|0.275|3.22|1.0|2|1.0|1|271.0|11|27|4.0|3.0|10.0|jennida01
5|Dan|Altavilla|2018|1|SEA|AL|3|2|22|0|0|0|0|62|11|6|2|15|23|0.162|2.61|0.0|4|2.0|0|85.0|3|7|0.0|0.0|3.0|altavda01
309|Dan|Otero|2018|1|CLE|AL|2|1|61|0|0|0|1|176|69|34|12|5|43|0.289|5.22|3.0|0|3.0|1|247.0|19|36|0.0|0.0|9.0|oteroda01
396|Dan|Straily|2018|1|MIA|NL|5|6|23|23|0|0|0|367|107|56|20|52|99|0.237|4.12|5.0|1|7.0|0|518.0|0|62|4.0|3.0|8.0|straida01
232|Dallas|Keuchel|2018|1|HOU|AL|12|11|34|34|1|0|0|614|211|85|18|58|153|0.263|3.74|0.0|9|2.0|0|874.0|0|92|3.0|9.0|18.0|keuchda01
210|Dakota|Hudson|2018|1|SLN|NL|4|1|26|0|0|0|0|82|19|8|0|18|19|0.196|2.63|0.0|2|1.0|0|118.0|2|9|0.0|2.0|3.0|hudsoda02
390|Craig|Stammen|2018|1|SDN|NL|8|3|73|0|0|0|0|237|65|24|3|17|88|0.221|2.73|3.0|3|3.0|0|317.0|7|25|2.0|1.0|6.0|stammcr01
233|Craig|Kimbrel|2018|1|BOS|AL|5|1|63|0|0|0|42|187|31|19|7|31|96|0.146|2.74|0.0|7|2.0|0|247.0|57|19|1.0|0.0|2.0|kimbrcr01
152|Cory|Gearrin|2018|2|TEX|AL|1|0|21|0|0|0|0|64|13|6|2|6|20|0.17600000000000002|2.53|0.0|1|2.0|0|82.0|3|6|0.0|0.0|2.0|gearrco01
151|Cory|Gearrin|2018|1|SFN|NL|1|1|35|0|0|0|1|90|33|14|5|13|31|0.275|4.2|1.0|0|3.0|0|137.0|8|14|1.0|0.0|2.0|gearrco01
237|Corey|Kluber|2018|1|CLE|AL|20|7|33|33|2|1|0|645|179|69|25|34|222|0.223|2.89|0.0|2|3.0|0|842.0|0|75|2.0|2.0|16.0|klubeco01
238|Corey|Knebel|2018|1|MIL|NL|4|3|57|0|0|0|16|166|38|22|7|22|88|0.194|3.58|0.0|0|4.0|0|223.0|29|23|0.0|1.0|3.0|knebeco01
58|Corbin|Burnes|2018|1|MIL|NL|7|0|30|0|0|0|1|114|27|11|4|11|35|0.199|2.61|2.0|2|3.0|1|152.0|6|11|1.0|1.0|3.0|burneco01
276|Collin|McHugh|2018|1|HOU|AL|6|2|58|0|0|0|0|217|45|16|6|21|94|0.17600000000000002|1.99|0.0|0|5.0|0|283.0|18|18|1.0|1.0|1.0|mchugco01
180|Cole|Hamels|2018|1|TEX|AL|5|9|20|20|0|0|0|343|115|60|23|42|114|0.258|4.72|0.0|6|12.0|2|502.0|0|70|0.0|3.0|14.0|hamelco01
4|Cody|Allen|2018|1|CLE|AL|4|6|70|0|0|0|27|201|58|35|11|33|80|0.231|4.7|2.0|3|4.0|0|289.0|45|35|1.0|0.0|5.0|allenco01
339|Clayton|Richard|2018|1|SDN|NL|7|11|27|27|0|0|0|476|159|94|19|60|108|0.263|5.33|1.0|7|10.0|1|682.0|0|98|5.0|3.0|22.0|richacl01
231|Clayton|Kershaw|2018|1|LAN|NL|9|5|26|26|0|0|0|484|139|49|17|29|155|0.227|2.73|0.0|10|2.0|0|650.0|0|55|3.0|2.0|8.0|kershcl01
106|Chris|Devenski|2018|1|HOU|AL|2|3|50|1|0|0|2|142|42|22|9|13|51|0.236|4.18|1.0|1|3.0|1|196.0|8|23|1.0|1.0|3.0|devench02
189|Chris|Hatcher|2018|1|OAK|AL|3|3|34|0|0|0|0|109|43|20|7|17|30|0.289|4.95|1.0|0|1.0|0|167.0|14|23|0.0|0.0|3.0|hatchch02
398|Chris|Stratton|2018|1|SFN|NL|10|10|28|26|1|1|0|435|153|82|19|54|112|0.273|5.09|1.0|6|2.0|0|625.0|1|87|3.0|6.0|14.0|stratch01
428|Chris|Volstad|2018|1|CHA|AL|1|5|33|1|0|0|0|142|65|33|9|12|29|0.332|6.27|1.0|1|3.0|0|215.0|5|35|1.0|3.0|7.0|volstch01
361|Chris|Rusin|2018|1|COL|NL|2|3|49|0|0|0|0|164|56|37|7|26|47|0.268|6.09|1.0|4|2.0|2|241.0|11|42|1.0|3.0|6.0|rusinch01
264|Chris|Martin|2018|1|TEX|AL|1|5|46|0|0|0|0|125|46|21|5|5|37|0.274|4.54|2.0|4|3.0|0|177.0|8|21|0.0|1.0|3.0|martich02
364|Chris|Sale|2018|1|BOS|AL|12|4|27|27|0|0|0|474|102|37|11|34|237|0.181|2.11|0.0|4|14.0|0|617.0|0|39|0.0|4.0|4.0|salech01
352|Chaz|Roe|2018|1|TBA|AL|1|3|61|0|0|0|1|151|35|20|6|16|53|0.197|3.58|1.0|1|8.0|0|203.0|6|21|1.0|0.0|8.0|roech01
379|Chasen|Shreve|2018|2|SLN|NL|1|2|20|0|0|0|0|44|14|5|3|9|16|0.259|3.07|0.0|0|0.0|0|65.0|3|5|0.0|2.0|2.0|shrevch01
378|Chasen|Shreve|2018|1|NYA|AL|2|2|40|0|0|0|1|114|39|18|8|18|46|0.262|4.26|0.0|2|1.0|0|170.0|17|23|0.0|2.0|1.0|shrevch01
8|Chase|Anderson|2018|1|MIL|NL|9|8|30|30|0|0|0|474|131|69|30|57|128|0.228|3.93|0.0|1|7.0|0|644.0|0|71|4.0|1.0|13.0|anderch01
46|Chase|Bradford|2018|1|SEA|AL|5|0|46|0|0|0|0|161|55|22|9|14|38|0.262|3.69|1.0|1|5.0|0|231.0|15|23|0.0|2.0|3.0|bradfch02
290|Charlie|Morton|2018|1|HOU|AL|15|3|30|30|0|0|0|501|130|58|18|64|201|0.213|3.13|0.0|4|16.0|0|695.0|0|63|1.0|4.0|12.0|mortoch02
31|Chad|Bettis|2018|1|COL|NL|5|2|27|20|0|0|0|361|121|67|18|47|80|0.265|5.01|3.0|3|5.0|1|518.0|2|72|5.0|5.0|12.0|bettich01
172|Chad|Green|2018|1|NYA|AL|8|3|63|0|0|0|0|227|64|21|9|15|94|0.229|2.5|2.0|3|1.0|0|298.0|3|22|0.0|3.0|2.0|greench03
263|Carlos|Martinez|2018|1|SLN|NL|8|6|33|18|0|0|5|356|100|41|5|60|117|0.228|3.11|4.0|5|11.0|0|521.0|9|48|7.0|4.0|14.0|martica04
348|Carlos|Rodon|2018|1|CHA|AL|6|8|20|20|0|0|0|362|97|56|15|55|90|0.22|4.18|1.0|4|12.0|0|511.0|0|61|0.0|2.0|12.0|rodonca01
64|Carlos|Carrasco|2018|1|CLE|AL|17|10|32|30|2|0|0|576|173|72|21|43|231|0.238|3.38|4.0|9|6.0|0|784.0|1|78|4.0|5.0|11.0|carraca01
119|Carl|Edwards|2018|1|CHN|NL|3|2|58|0|0|0|0|156|36|15|2|32|67|0.19|2.6|1.0|4|0.0|0|222.0|2|17|1.0|0.0|2.0|edwarca01
27|Cam|Bedrosian|2018|1|LAA|AL|5|4|71|0|0|0|1|192|63|27|7|26|57|0.263|3.8|0.0|1|2.0|0|271.0|7|30|1.0|1.0|12.0|bedroca01
129|Caleb|Ferguson|2018|1|LAN|NL|7|2|29|3|0|0|2|147|43|19|8|12|59|0.23|3.49|1.0|1|3.0|0|202.0|7|21|0.0|0.0|4.0|ferguca01
362|CC|Sabathia|2018|1|NYA|AL|9|7|29|29|0|0|0|459|150|62|19|51|140|0.25|3.65|0.0|3|11.0|0|665.0|0|72|0.0|3.0|9.0|sabatcc01
382|Burch|Smith|2018|1|KCA|AL|1|6|38|6|0|0|0|234|90|60|15|40|77|0.292|6.92|2.0|0|4.0|1|358.0|16|60|2.0|4.0|6.0|smithbu03
300|Bud|Norris|2018|1|SLN|NL|3|6|64|0|0|0|28|173|51|23|8|21|67|0.237|3.59|3.0|9|5.0|0|245.0|42|27|2.0|2.0|5.0|norribu01
126|Buck|Farmer|2018|1|DET|AL|3|4|66|1|0|0|0|208|67|32|6|41|57|0.255|4.15|1.0|2|1.0|0|308.0|12|34|1.0|2.0|8.0|farmebu01
376|Bryan|Shaw|2018|1|COL|NL|4|6|61|0|0|0|0|164|70|36|9|28|54|0.313|5.93|1.0|8|1.0|0|257.0|14|43|1.0|3.0|7.0|shawbr01
356|Bruce|Rondon|2018|1|CHA|AL|2|3|35|0|0|0|1|89|37|28|1|27|40|0.298|8.49|2.0|6|1.0|0|154.0|5|30|0.0|2.0|2.0|rondobr01
220|Brian|Johnson|2018|1|BOS|AL|4|5|38|13|0|0|0|298|104|46|16|38|87|0.263|4.17|0.0|1|1.0|0|434.0|10|49|0.0|0.0|6.0|johnsbr02
112|Brian|Duensing|2018|1|CHN|NL|3|0|48|0|0|0|1|113|42|32|6|29|24|0.28600000000000003|7.65|2.0|0|1.0|0|181.0|7|33|1.0|3.0|5.0|duensbr01
135|Brian|Flynn|2018|1|KCA|AL|3|5|48|0|0|0|1|227|87|34|5|35|47|0.295|4.04|3.0|5|3.0|0|336.0|10|37|1.0|2.0|16.0|flynnbr01
169|Brett|Graves|2018|1|MIA|NL|1|1|21|0|0|0|1|100|41|20|3|12|21|0.311|5.4|2.0|1|4.0|0|148.0|16|22|0.0|0.0|7.0|gravebr01
70|Brett|Cecil|2018|1|SLN|NL|1|1|40|0|0|0|0|98|39|25|5|25|19|0.302|6.89|5.0|1|0.0|0|157.0|7|27|0.0|3.0|3.0|cecilbr01
405|Brent|Suter|2018|1|MIL|NL|8|7|20|18|0|0|0|304|102|50|18|19|84|0.258|4.44|2.0|1|4.0|0|424.0|0|55|5.0|1.0|2.0|suterbr01
234|Brandon|Kintzler|2018|1|WAS|NL|1|2|45|0|0|0|2|128|40|17|2|13|31|0.253|3.59|3.0|1|3.0|0|175.0|8|17|1.0|0.0|5.0|kintzbr01
235|Brandon|Kintzler|2018|2|CHN|NL|2|1|25|0|0|0|0|54|27|14|3|9|12|0.355|7.0|2.0|0|1.0|0|88.0|7|14|0.0|2.0|2.0|kintzbr01
289|Brandon|Morrow|2018|1|CHN|NL|0|0|35|0|0|0|22|92|24|5|2|9|31|0.214|1.47|0.0|1|1.0|0|122.0|30|5|0.0|0.0|2.0|morrobr01
443|Brandon|Workman|2018|1|BOS|AL|6|1|43|0|0|0|0|124|34|15|6|16|37|0.23|3.27|0.0|0|0.0|0|167.0|4|15|0.0|3.0|1.0|workmbr01
267|Brandon|Maurer|2018|1|KCA|AL|0|4|37|0|0|0|1|94|42|27|7|25|31|0.32299999999999995|7.76|2.0|2|1.0|0|160.0|9|29|1.0|3.0|1.0|maurebr01
227|Brad|Keller|2018|1|KCA|AL|9|6|41|20|1|0|0|421|133|48|7|50|96|0.252|3.08|1.0|8|2.0|0|583.0|2|50|0.0|3.0|18.0|kellebr01
40|Brad|Boxberger|2018|1|ARI|NL|3|7|60|0|0|0|32|160|44|26|9|32|71|0.221|4.39|4.0|3|1.0|0|235.0|45|30|2.0|1.0|4.0|boxbebr01
315|Brad|Peacock|2018|1|HOU|AL|3|5|61|1|0|0|3|195|56|25|11|20|96|0.226|3.46|0.0|5|3.0|0|272.0|20|26|0.0|1.0|3.0|peacobr01
44|Brad|Brach|2018|2|ATL|NL|1|2|27|0|0|0|1|71|22|4|1|9|22|0.237|1.52|1.0|2|1.0|1|104.0|8|8|0.0|1.0|0.0|brachbr01
183|Brad|Hand|2018|2|CLE|AL|0|1|28|0|0|0|8|83|19|7|3|13|41|0.192|2.28|1.0|1|2.0|0|115.0|11|7|1.0|0.0|2.0|handbr01
43|Brad|Brach|2018|1|BAL|AL|1|2|42|0|0|0|11|117|50|21|4|19|38|0.303|4.85|1.0|1|0.0|0|185.0|24|24|1.0|0.0|4.0|brachbr01
448|Brad|Ziegler|2018|1|MIA|NL|1|5|53|0|0|0|10|156|49|23|7|17|37|0.254|3.98|4.0|1|2.0|0|213.0|23|25|0.0|1.0|11.0|zieglbr01
449|Brad|Ziegler|2018|2|ARI|NL|1|1|29|0|0|0|0|65|22|9|1|8|13|0.265|3.74|2.0|0|0.0|0|92.0|1|9|0.0|1.0|3.0|zieglbr01
182|Brad|Hand|2018|1|SDN|NL|2|4|41|0|0|0|24|133|33|15|5|15|65|0.202|3.05|1.0|1|7.0|0|186.0|31|21|1.0|0.0|4.0|handbr01
326|Bobby|Poyner|2018|1|BOS|AL|1|0|20|0|0|0|0|67|22|8|4|3|24|0.256|3.22|0.0|0|2.0|0|93.0|4|8|1.0|1.0|0.0|poynebo01
415|Blake|Treinen|2018|1|OAK|AL|9|2|68|0|0|0|38|241|46|7|2|21|100|0.158|0.78|3.0|6|1.0|0|315.0|58|12|1.0|0.0|4.0|treinbl01
312|Blake|Parker|2018|1|LAA|AL|2|1|67|0|0|0|14|199|63|24|12|19|70|0.249|3.26|1.0|8|3.0|0|276.0|41|24|0.0|1.0|4.0|parkebl01
386|Blake|Snell|2018|1|TBA|AL|21|5|31|31|0|0|0|542|112|38|16|64|221|0.17800000000000002|1.89|2.0|13|1.0|0|700.0|0|41|2.0|3.0|15.0|snellbl01
42|Blaine|Boyer|2018|1|KCA|AL|2|1|21|0|0|0|1|65|32|29|7|13|9|0.344|12.05|3.0|0|0.0|0|109.0|8|33|0.0|3.0|1.0|boyerbl01
185|Blaine|Hardy|2018|1|DET|AL|4|5|30|13|0|0|1|258|79|34|10|22|66|0.245|3.56|1.0|2|2.0|0|351.0|5|37|1.0|4.0|7.0|hardybl01
94|Bartolo|Colon|2018|1|TEX|AL|7|12|28|24|1|0|0|439|172|94|32|25|81|0.29100000000000004|5.78|1.0|2|3.0|0|628.0|1|97|1.0|8.0|6.0|colonba01
101|Austin|Davis|2018|1|PHI|NL|1|2|32|0|0|0|0|104|35|16|4|12|38|0.265|4.15|1.0|4|2.0|1|151.0|10|20|1.0|4.0|3.0|davisau01
51|Austin|Brice|2018|1|CIN|NL|2|3|33|0|0|0|0|112|39|24|9|13|32|0.271|5.79|6.0|1|3.0|0|162.0|8|26|1.0|1.0|3.0|briceau01
330|Austin|Pruitt|2018|1|TBA|AL|2|3|23|0|0|0|4|209|72|36|7|16|42|0.268|4.65|0.0|1|1.0|0|291.0|11|40|1.0|4.0|3.0|pruitau01
163|Austin|Gomber|2018|1|SLN|NL|6|2|29|11|0|0|0|225|81|37|7|32|67|0.277|4.44|4.0|3|4.0|1|334.0|1|40|4.0|2.0|8.0|gombeau01
74|Aroldis|Chapman|2018|1|NYA|AL|3|0|55|0|0|0|32|154|24|14|2|30|93|0.136|2.45|0.0|9|5.0|0|212.0|43|15|0.0|0.0|0.0|chapmar01
427|Arodys|Vizcaino|2018|1|ATL|NL|2|2|39|0|0|0|16|115|30|9|4|15|40|0.213|2.11|1.0|4|2.0|0|158.0|31|9|0.0|0.0|3.0|vizcaar01
47|Archie|Bradley|2018|1|ARI|NL|4|5|76|0|0|0|3|215|62|29|9|20|75|0.229|3.64|1.0|2|4.0|1|296.0|8|30|1.0|0.0|6.0|bradlar01
373|Antonio|Senzatela|2018|1|COL|NL|6|6|23|13|0|0|0|271|94|44|10|30|69|0.266|4.38|1.0|1|3.0|0|390.0|2|45|1.0|3.0|7.0|senzaan01
105|Anthony|DeSclafani|2018|1|CIN|NL|7|8|21|21|0|0|0|345|118|63|24|30|108|0.266|4.93|2.0|4|2.0|0|484.0|0|68|5.0|4.0|7.0|desclan01
406|Anthony|Swarzak|2018|1|NYN|NL|0|2|29|0|0|0|4|79|28|18|6|14|31|0.28|6.15|0.0|2|1.0|0|116.0|12|18|0.0|1.0|2.0|swarzan01
366|Anibal|Sanchez|2018|1|ATL|NL|7|6|25|24|0|0|0|410|106|43|15|42|135|0.213|2.83|0.0|4|4.0|0|553.0|0|48|7.0|3.0|7.0|sanchan01
65|Andrew|Cashner|2018|1|BAL|AL|4|15|28|28|0|0|0|459|177|90|25|65|99|0.29100000000000004|5.29|3.0|6|3.0|0|681.0|0|97|1.0|3.0|13.0|cashnan01
190|Andrew|Heaney|2018|1|LAA|AL|9|10|30|30|1|1|0|540|171|83|27|45|180|0.248|4.15|0.0|9|8.0|0|749.0|0|91|2.0|5.0|17.0|heanean01
73|Andrew|Chafin|2018|1|ARI|NL|1|6|77|0|0|0|0|148|41|17|0|25|53|0.227|3.1|1.0|3|2.0|0|211.0|13|18|0.0|3.0|3.0|chafian01
403|Andrew|Suarez|2018|1|SFN|NL|7|13|29|29|0|0|0|481|163|80|23|45|130|0.269|4.49|1.0|4|3.0|0|665.0|0|85|5.0|6.0|22.0|suarean01
280|Andrew|Miller|2018|1|CLE|AL|2|4|37|0|0|0|2|102|31|16|3|16|45|0.233|4.24|1.0|1|5.0|0|154.0|5|16|0.0|0.0|2.0|millean01
236|Andrew|Kittredge|2018|1|TBA|AL|3|2|33|3|0|0|0|115|54|33|7|17|30|0.338|7.75|5.0|1|1.0|0|181.0|4|34|1.0|2.0|5.0|kittran01
148|Amir|Garrett|2018|1|CIN|NL|1|2|66|0|0|0|0|189|56|30|8|25|71|0.239|4.29|3.0|3|3.0|0|264.0|7|30|1.0|1.0|7.0|garream01
93|Alex|Colome|2018|2|SEA|AL|5|0|47|0|0|0|1|139|35|13|6|13|49|0.207|2.53|1.0|6|3.0|1|185.0|3|14|0.0|0.0|4.0|colomal01
87|Alex|Cobb|2018|1|BAL|AL|5|15|28|28|1|0|0|457|172|83|24|43|102|0.284|4.9|5.0|4|4.0|1|661.0|0|93|2.0|6.0|16.0|cobbal01
441|Alex|Wood|2018|1|LAN|NL|9|7|33|27|0|0|0|455|143|62|14|40|135|0.247|3.68|5.0|2|8.0|1|637.0|0|70|3.0|7.0|14.0|woodal02
92|Alex|Colome|2018|1|TBA|AL|2|5|23|0|0|0|11|65|24|10|1|8|23|0.273|4.15|1.0|4|0.0|0|97.0|21|12|0.0|1.0|2.0|colomal01
436|Alex|Wilson|2018|1|DET|AL|2|4|59|0|0|0|0|185|50|23|8|15|43|0.223|3.36|2.0|2|2.0|0|245.0|13|24|2.0|2.0|4.0|wilsoal01
84|Alex|Claudio|2018|1|TEX|AL|4|2|66|1|0|0|1|205|91|34|4|13|41|0.329|4.48|3.0|0|3.0|1|299.0|20|35|3.0|3.0|11.0|claudal01
59|Alan|Busenitz|2018|1|MIN|AL|4|1|23|0|0|0|0|76|37|22|8|14|26|0.339|7.82|0.0|2|2.0|0|126.0|7|25|0.0|1.0|2.0|busenal01
337|Addison|Reed|2018|1|MIN|AL|1|6|55|0|0|0|0|168|65|28|11|15|44|0.298|4.5|3.0|2|3.0|0|242.0|14|30|2.0|4.0|5.0|reedad01
80|Adam|Cimber|2018|1|SDN|NL|3|5|42|0|0|0|0|145|42|17|2|10|51|0.237|3.17|3.0|0|2.0|0|192.0|10|19|1.0|2.0|6.0|cimbead01
81|Adam|Cimber|2018|2|CLE|AL|0|3|28|0|0|0|0|60|26|9|3|7|7|0.325|4.05|6.0|1|4.0|0|92.0|6|9|1.0|0.0|6.0|cimbead01
310|Adam|Ottavino|2018|1|COL|NL|6|4|75|0|0|0|6|233|41|21|5|36|112|0.158|2.43|5.0|7|6.0|0|309.0|16|25|1.0|5.0|6.0|ottavad01
287|Adam|Morgan|2018|1|PHI|NL|0|2|67|0|0|0|1|148|49|21|5|22|50|0.259|3.83|3.0|3|0.0|1|214.0|9|25|0.0|2.0|3.0|morgaad01
239|Adam|Kolarek|2018|1|TBA|AL|1|0|31|0|0|0|2|103|38|15|0|5|19|0.284|3.93|1.0|0|1.0|0|141.0|5|15|0.0|1.0|5.0|kolarad01
95|Adam|Conley|2018|1|MIA|NL|3|4|52|0|0|0|3|152|37|23|5|18|50|0.207|4.09|1.0|3|1.0|0|202.0|5|25|1.0|3.0|7.0|conlead01
430|Adam|Warren|2018|2|SEA|AL|3|1|23|0|0|0|0|65|22|9|3|8|15|0.256|3.74|1.0|2|1.0|0|95.0|4|9|0.0|0.0|1.0|warread01
429|Adam|Warren|2018|1|NYA|AL|0|1|24|0|0|0|0|90|26|9|3|12|37|0.228|2.7|0.0|1|1.0|0|128.0|6|9|0.0|1.0|0.0|warread01
250|Aaron|Loup|2018|1|TOR|AL|0|0|50|0|0|0|0|107|44|18|4|13|42|0.299|4.54|0.0|0|3.0|0|166.0|7|21|0.0|3.0|3.0|loupaa01
365|Aaron|Sanchez|2018|1|TOR|AL|4|6|20|20|0|0|0|315|106|57|11|58|86|0.262|4.89|2.0|4|7.0|0|474.0|0|62|0.0|4.0|11.0|sanchaa01
56|Aaron|Bummer|2018|1|CHA|AL|0|1|37|0|0|0|0|95|40|15|1|10|35|0.301|4.26|0.0|7|1.0|1|144.0|9|19|0.0|0.0|5.0|bummeaa01
299|Aaron|Nola|2018|1|PHI|NL|17|6|33|33|0|0|0|637|149|56|17|58|224|0.197|2.37|3.0|4|7.0|1|831.0|0|57|6.0|4.0|16.0|nolaaa01
334|AJ|Ramos|2018|1|NYN|NL|2|2|28|0|0|0|0|59|17|14|3|15|22|0.236|6.41|0.0|1|0.0|0|88.0|5|14|0.0|1.0|2.0|ramosaj01
284|A. J.|Minter|2018|1|ATL|NL|4|3|65|0|0|0|15|184|57|22|3|22|69|0.244|3.23|1.0|5|2.0|0|260.0|31|23|1.0|1.0|3.0|minteaj01
88|A. J.|Cole|2018|2|NYA|AL|3|1|28|0|0|0|0|114|39|18|9|16|49|0.258|4.26|1.0|2|0.0|0|168.0|13|23|0.0|1.0|2.0|coleaj01
